97650	0
97651	0
97652	0
97653	0
97654	0
97655	0
97656	0
97657	0
97658	0
97659	0
97660	0
97661	0
97662	0
97663	0
97664	0
97665	0
97666	0
97667	0
97668	0
97669	0
97670	2
97671	0
97672	0
97673	0
97674	0
97675	0
97676	0
97677	0
97678	0
97679	0
97680	0
97681	0
97682	0
97683	0
97684	0
97685	0
97686	0
97687	0
97688	0
97689	0
97690	0
97691	1
97692	0
97693	3
97694	0
97695	8
97696	8
97697	5
97698	0
97699	27
97700	4
97701	0
97702	0
97703	0
97704	0
97705	0
97706	0
97707	0
97708	0
97709	0
97710	0
97711	0
97712	0
97713	0
97714	2
97715	0
97716	0
97717	0
97718	0
97719	0
97720	0
97721	2
97722	0
97723	0
97724	0
97725	0
97726	0
97727	0
97728	0
97729	0
97730	0
97731	2
97732	0
97733	0
97734	0
97735	8
97736	0
97737	0
97738	0
97739	0
97740	0
97741	0
97742	0
97743	0
97744	1
97745	0
97746	0
97747	0
97748	0
97749	0
97750	0
97751	0
97752	0
97753	0
97754	0
97755	0
97756	0
97757	0
97758	0
97759	0
97760	0
97761	0
97762	0
97763	0
97764	2
97765	0
97766	0
97767	0
97768	0
97769	0
97770	0
97771	0
97772	0
97773	0
97774	0
97775	3
97776	0
97777	2
97778	0
97779	0
97780	0
97781	0
97782	0
97783	1
97784	2
97785	0
97786	0
97787	0
97788	0
97789	0
97790	0
97791	0
97792	0
97793	0
97794	0
97795	0
97796	0
97797	0
97798	0
97799	0
97800	0
97801	0
97802	0
97803	0
97804	0
97805	0
97806	4
97807	0
97808	0
97809	0
97810	0
97811	0
97812	0
97813	0
97814	0
97815	0
97816	12
97817	0
97818	0
97819	0
97820	0
97821	0
97822	0
97823	0
97824	0
97825	0
97826	0
97827	0
97828	0
97829	0
97830	0
97831	0
97832	0
97833	0
97834	0
97835	0
97836	0
97837	0
97838	1
97839	0
97840	0
97841	0
97842	1
97843	0
97844	0
97845	0
97846	0
97847	0
97848	1
97849	0
97850	0
97851	0
97852	0
97853	0
97854	0
97855	2
97856	0
97857	0
97858	0
97859	0
97860	0
97861	1
97862	0
97863	0
97864	0
97865	0
97866	0
97867	1
97868	0
97869	0
97870	0
97871	0
97872	0
97873	0
97874	0
97875	0
97876	0
97877	0
97878	0
97879	0
97880	0
97881	0
97882	0
97883	1
97884	0
97885	0
97886	0
97887	0
97888	0
97889	0
97890	0
97891	0
97892	0
97893	0
97894	0
97895	0
97896	0
97897	0
97898	0
97899	0
97900	0
97901	0
97902	4
97903	0
97904	0
97905	0
97906	0
97907	0
97908	0
97909	1
97910	0
97911	0
97912	0
97913	0
97914	0
97915	0
97916	0
97917	2
97918	0
97919	0
97920	57
97921	0
97922	0
97923	0
97924	0
97925	0
97926	0
97927	0
97928	0
97929	0
97930	0
97931	0
97932	0
97933	0
97934	0
97935	3
97936	2
97937	1
97938	0
97939	0
97940	0
97941	0
97942	0
97943	0
97944	0
97945	0
97946	0
97947	0
97948	0
97949	0
97950	0
97951	0
97952	0
97953	0
97954	0
97955	7
97956	2
97957	0
97958	0
97959	0
97960	0
97961	0
97962	32
97963	0
97964	0
97965	0
97966	0
97967	0
97968	2
97969	0
97970	0
97971	0
97972	0
97973	0
97974	0
97975	0
97976	2
97977	0
97978	0
97979	0
97980	0
97981	0
97982	0
97983	0
97984	0
97985	0
97986	0
97987	0
97988	0
97989	0
97990	0
97991	2
97992	1
97993	0
97994	0
97995	0
97996	0
97997	0
97998	0
97999	0
98000	0
98001	0
98002	1
98003	0
98004	0
98005	0
98006	0
98007	0
98008	0
98009	0
98010	0
98011	0
98012	0
98013	0
98014	0
98015	0
98016	0
98017	0
98018	0
98019	4
98020	6
98021	0
98022	8
98023	0
98024	0
98025	0
98026	0
98027	0
98028	0
98029	0
98030	0
98031	0
98032	0
98033	0
98034	0
98035	0
98036	0
98037	0
98038	0
98039	0
98040	0
98041	0
98042	2
98043	0
98044	0
98045	0
98046	2
98047	0
98048	0
98049	0
98050	0
98051	0
98052	2
98053	0
98054	0
98055	0
98056	0
98057	0
98058	0
98059	0
98060	0
98061	0
98062	0
98063	24
98064	0
98065	0
98066	2
98067	0
98068	0
98069	0
98070	0
98071	0
98072	0
98073	20
98074	0
98075	3
98076	0
98077	0
98078	0
98079	0
98080	1
98081	0
98082	0
98083	0
98084	1
98085	0
98086	0
98087	0
98088	0
98089	0
98090	0
98091	0
98092	0
98093	0
98094	0
98095	0
98096	0
98097	0
98098	0
98099	0
98100	0
98101	0
98102	3
98103	0
98104	0
98105	0
98106	0
98107	0
98108	1
98109	0
98110	0
98111	0
98112	0
98113	0
98114	4
98115	0
98116	0
98117	0
98118	0
98119	0
98120	0
98121	0
98122	0
98123	0
98124	2
98125	0
98126	0
98127	0
98128	0
98129	0
98130	2
98131	1
98132	0
98133	2
98134	2
98135	0
98136	7
98137	0
98138	0
98139	0
98140	9
98141	0
98142	0
98143	0
98144	0
98145	0
98146	0
98147	0
98148	0
98149	0
98150	0
98151	0
98152	0
98153	0
98154	0
98155	0
98156	0
98157	0
98158	7
98159	0
98160	0
98161	0
98162	0
98163	2
98164	0
98165	0
98166	0
98167	0
98168	0
98169	0
98170	0
98171	0
98172	0
98173	2
98174	0
98175	0
98176	0
98177	0
98178	0
98179	0
98180	0
98181	0
98182	0
98183	0
98184	0
98185	0
98186	0
98187	0
98188	0
98189	0
98190	0
98191	0
98192	0
98193	0
98194	0
98195	0
98196	0
98197	23
98198	0
98199	0
98200	0
98201	0
98202	0
98203	0
98204	0
98205	0
98206	0
98207	2
98208	2
98209	0
98210	21
98211	0
98212	2
98213	0
98214	0
98215	0
98216	0
98217	0
98218	2
98219	0
98220	0
98221	0
98222	0
98223	0
98224	0
98225	0
98226	0
98227	0
98228	0
98229	0
98230	0
98231	0
98232	0
98233	0
98234	0
98235	0
98236	0
98237	0
98238	0
98239	0
98240	0
98241	0
98242	0
98243	0
98244	0
98245	1
98246	0
98247	0
98248	0
98249	0
98250	0
98251	0
98252	0
98253	0
98254	0
98255	0
98256	1
98257	0
98258	0
98259	0
98260	0
98261	0
98262	2
98263	0
98264	0
98265	0
98266	0
98267	0
98268	0
98269	0
98270	0
98271	1
98272	0
98273	0
98274	0
98275	0
98276	0
98277	0
98278	0
98279	0
98280	0
98281	1
98282	3
98283	6
98284	5
98285	0
98286	0
98287	0
98288	0
98289	0
98290	0
98291	27
98292	0
98293	0
98294	0
98295	0
98296	0
98297	0
98298	0
98299	0
98300	0
98301	0
98302	2
98303	0
98304	0
98305	0
98306	0
98307	0
98308	0
98309	0
98310	0
98311	0
98312	0
98313	2
98314	0
98315	0
98316	0
98317	0
98318	0
98319	0
98320	0
98321	0
98322	0
98323	0
98324	0
98325	1
98326	0
98327	0
98328	0
98329	13
98330	0
98331	0
98332	1
98333	0
98334	0
98335	0
98336	0
98337	0
98338	0
98339	0
98340	0
98341	2
98342	0
98343	2
98344	0
98345	0
98346	0
98347	0
98348	0
98349	0
98350	0
98351	1
98352	0
98353	0
98354	0
98355	0
98356	0
98357	0
98358	0
98359	0
98360	0
98361	0
98362	0
98363	0
98364	0
98365	0
98366	0
98367	0
98368	0
98369	0
98370	0
98371	0
98372	0
98373	0
98374	0
98375	0
98376	1
98377	1
98378	0
98379	1
98380	0
98381	0
98382	0
98383	0
98384	0
98385	0
98386	0
98387	2
98388	1
98389	0
98390	0
98391	0
98392	0
98393	3
98394	0
98395	0
98396	0
98397	0
98398	0
98399	0
98400	0
98401	0
98402	0
98403	0
98404	2
98405	0
98406	0
98407	0
98408	0
98409	1
98410	0
98411	0
98412	2
98413	0
98414	0
98415	0
98416	0
98417	0
98418	1
98419	3
98420	0
98421	0
98422	0
98423	0
98424	0
98425	0
98426	3
98427	0
98428	0
98429	0
98430	2
98431	0
98432	0
98433	1
98434	0
98435	0
98436	0
98437	0
98438	0
98439	0
98440	1
98441	0
98442	0
98443	0
98444	0
98445	2
98446	0
98447	0
98448	0
98449	0
98450	1
98451	0
98452	1
98453	0
98454	0
98455	0
98456	0
98457	0
98458	3
98459	0
98460	2
98461	0
98462	0
98463	1
98464	0
98465	0
98466	0
98467	0
98468	0
98469	0
98470	0
98471	0
98472	0
98473	1
98474	20
98475	0
98476	0
98477	0
98478	0
98479	0
98480	1
98481	0
98482	0
98483	0
98484	0
98485	0
98486	0
98487	0
98488	0
98489	0
98490	0
98491	0
98492	0
98493	0
98494	0
98495	0
98496	1
98497	1
98498	14
98499	0
98500	0
98501	0
98502	0
98503	0
98504	0
98505	1
98506	0
98507	1
98508	1
98509	0
98510	0
98511	0
98512	0
98513	0
98514	2
98515	0
98516	0
98517	2
98518	1
98519	0
98520	0
98521	0
98522	0
98523	0
98524	0
98525	0
98526	0
98527	0
98528	1
98529	0
98530	0
98531	0
98532	0
98533	0
98534	0
98535	3
98536	0
98537	0
98538	0
98539	0
98540	0
98541	0
98542	0
98543	0
98544	0
98545	0
98546	0
98547	0
98548	0
98549	0
98550	0
98551	0
98552	0
98553	0
98554	0
98555	0
98556	0
98557	1
98558	0
98559	0
98560	0
98561	0
98562	0
98563	0
98564	0
98565	0
98566	0
98567	0
98568	0
98569	0
98570	0
98571	0
98572	0
98573	0
98574	0
98575	0
98576	0
98577	0
98578	2
98579	0
98580	0
98581	0
98582	0
98583	0
98584	0
98585	0
98586	0
98587	0
98588	0
98589	0
98590	0
98591	0
98592	0
98593	0
98594	0
98595	0
98596	0
98597	0
98598	0
98599	0
98600	0
98601	0
98602	2
98603	0
98604	0
98605	0
98606	0
98607	0
98608	0
98609	0
98610	0
98611	0
98612	0
98613	0
98614	0
98615	0
98616	0
98617	0
98618	0
98619	0
98620	0
98621	0
98622	0
98623	0
98624	0
98625	0
98626	0
98627	0
98628	2
98629	0
98630	0
98631	0
98632	0
98633	0
98634	0
98635	0
98636	0
98637	0
98638	0
98639	0
98640	0
98641	0
98642	0
98643	6
98644	34
98645	0
98646	0
98647	0
98648	0
98649	0
98650	0
98651	0
98652	0
98653	0
98654	10
98655	0
98656	0
98657	26
98658	0
98659	0
98660	0
98661	0
98662	0
98663	0
98664	0
98665	0
98666	0
98667	0
98668	0
98669	0
98670	1
98671	0
98672	0
98673	0
98674	2
98675	0
98676	0
98677	0
98678	0
98679	1
98680	0
98681	0
98682	0
98683	0
98684	0
98685	0
98686	0
98687	0
98688	0
98689	0
98690	0
98691	0
98692	0
98693	0
98694	0
98695	0
98696	0
98697	0
98698	0
98699	0
98700	0
98701	0
98702	0
98703	0
98704	0
98705	0
98706	0
98707	0
98708	0
98709	0
98710	3
98711	0
98712	0
98713	0
98714	0
98715	0
98716	0
98717	0
98718	0
98719	0
98720	0
98721	0
98722	0
