33223	0
33224	0
33225	0
33226	0
33227	2
33228	0
33229	0
33230	0
33231	0
33232	0
33233	0
33234	0
33235	5
33236	1
33237	0
33238	0
33239	0
33240	0
33241	0
33242	0
33243	0
33244	0
33245	0
33246	0
33247	0
33248	0
33249	0
33250	0
33251	0
33252	0
33253	0
33254	0
33255	0
33256	0
33257	0
33258	0
33259	0
33260	0
33261	0
33262	0
33263	0
33264	0
33265	0
33266	0
33267	1
33268	0
33269	1
33270	0
33271	0
33272	0
33273	0
33274	0
33275	0
33276	3
33277	0
33278	2
33279	0
33280	0
33281	0
33282	0
33283	0
33284	0
33285	0
33286	0
33287	1
33288	1
33289	0
33290	0
33291	0
33292	0
33293	0
33294	0
33295	0
33296	0
33297	0
33298	0
33299	0
33300	0
33301	0
33302	0
33303	0
33304	18
33305	0
33306	0
33307	0
33308	2
33309	2
33310	0
33311	0
33312	0
33313	0
33314	0
33315	0
33316	1
33317	3
33318	1
33319	3
33320	0
33321	0
33322	0
33323	0
33324	0
33325	0
33326	0
33327	0
33328	0
33329	0
33330	0
33331	0
33332	0
33333	0
33334	0
33335	56
33336	22
33337	0
33338	0
33339	4
33340	2
33341	0
33342	0
33343	0
33344	0
33345	0
33346	2
33347	2
33348	2
33349	0
33350	0
33351	4
33352	0
33353	0
33354	0
33355	0
33356	0
33357	0
33358	0
33359	0
33360	0
33361	0
33362	0
33363	0
33364	0
33365	0
33366	0
33367	0
33368	0
33369	0
33370	0
33371	0
33372	0
33373	2
33374	0
33375	0
33376	0
33377	0
33378	0
33379	0
33380	0
33381	0
33382	0
33383	0
33384	0
33385	1
33386	0
33387	2
33388	7
33389	0
33390	0
33391	0
33392	0
33393	0
33394	0
33395	0
33396	0
33397	0
33398	0
33399	0
33400	1
33401	0
33402	0
33403	3
33404	0
33405	0
33406	0
33407	0
33408	0
33409	0
33410	0
33411	0
33412	0
33413	0
33414	0
33415	0
33416	0
33417	0
33418	1
33419	18
33420	0
33421	0
33422	0
33423	0
33424	0
33425	0
33426	0
33427	0
33428	0
33429	0
33430	0
33431	0
33432	0
33433	0
33434	0
33435	0
33436	0
33437	0
33438	0
33439	0
33440	0
33441	0
33442	0
33443	2
33444	0
33445	0
33446	0
33447	0
33448	0
33449	0
33450	0
33451	1
33452	0
33453	0
33454	2
33455	3
33456	0
33457	0
33458	0
33459	0
33460	0
33461	0
33462	1
33463	0
33464	0
33465	0
33466	0
33467	0
33468	3
33469	0
33470	0
33471	0
33472	0
33473	0
33474	0
33475	0
33476	0
33477	0
33478	0
33479	0
33480	0
33481	0
33482	0
33483	0
33484	1
33485	0
33486	0
33487	0
33488	0
33489	0
33490	0
33491	0
33492	0
33493	3
33494	0
33495	0
33496	0
33497	4
33498	2
33499	0
33500	0
33501	0
33502	0
33503	0
33504	0
33505	3
33506	4
33507	0
33508	0
33509	4
33510	0
33511	0
33512	17
33513	0
33514	0
33515	0
33516	2
33517	0
33518	1
33519	0
33520	2
33521	0
33522	0
33523	0
33524	0
33525	0
33526	0
33527	0
33528	0
33529	0
33530	0
33531	0
33532	0
33533	0
33534	0
33535	0
33536	0
33537	0
33538	3
33539	0
33540	0
33541	0
33542	2
33543	0
33544	1
33545	0
33546	3
33547	0
33548	1
33549	2
33550	11
33551	0
33552	0
33553	0
33554	0
33555	0
33556	0
33557	0
33558	0
33559	0
33560	0
33561	0
33562	0
33563	0
33564	0
33565	0
33566	1
33567	2
33568	0
33569	2
33570	0
33571	0
33572	0
33573	0
33574	0
33575	1
33576	0
33577	0
33578	3
33579	0
33580	0
33581	1
33582	0
33583	0
33584	0
33585	0
33586	0
33587	1
33588	2
33589	0
33590	0
33591	2
33592	2
33593	0
33594	0
33595	0
33596	0
33597	0
33598	0
33599	0
33600	0
33601	0
33602	2
33603	0
33604	0
33605	0
33606	0
33607	0
33608	0
33609	0
33610	0
33611	0
33612	0
33613	0
33614	0
33615	0
33616	0
33617	0
33618	0
33619	0
33620	0
33621	0
33622	0
33623	5
33624	2
33625	0
33626	0
33627	0
33628	0
33629	0
33630	0
33631	0
33632	0
33633	0
33634	0
33635	4
33636	2
33637	6
33638	0
33639	0
33640	0
33641	0
33642	0
33643	0
33644	0
33645	0
33646	0
33647	18
33648	0
33649	0
33650	0
33651	0
33652	0
33653	0
33654	0
33655	0
33656	0
33657	0
33658	0
33659	0
33660	0
33661	0
33662	1
33663	0
33664	4
33665	0
33666	1
33667	1
33668	0
33669	0
33670	0
33671	0
33672	0
33673	0
33674	0
33675	0
33676	21
33677	0
33678	0
33679	2
33680	3
33681	9
33682	10
33683	0
33684	3
33685	1
33686	0
33687	4
33688	0
33689	0
33690	0
33691	0
33692	0
33693	0
33694	0
33695	0
33696	0
33697	0
33698	0
33699	0
33700	0
33701	0
33702	0
33703	0
33704	0
33705	0
33706	0
33707	0
33708	0
33709	0
33710	0
33711	0
33712	0
33713	0
33714	0
33715	0
33716	0
33717	0
33718	0
33719	0
33720	0
33721	109
33722	9
33723	0
33724	0
33725	0
33726	0
33727	0
33728	0
33729	0
33730	0
33731	0
33732	0
33733	2
33734	0
33735	0
33736	0
33737	0
33738	0
33739	0
33740	0
33741	6
33742	2
33743	0
33744	0
33745	2
33746	0
33747	0
33748	0
33749	0
33750	2
33751	4
33752	8
33753	4
33754	4
33755	2
33756	0
33757	6
33758	2
33759	3
33760	0
33761	0
33762	0
33763	0
33764	0
33765	0
33766	0
33767	0
33768	0
33769	0
33770	0
33771	0
33772	0
33773	0
33774	0
33775	0
33776	0
33777	0
33778	0
33779	0
33780	0
33781	0
33782	1
33783	1
33784	0
33785	0
33786	0
33787	0
33788	0
33789	18
33790	18
33791	5
33792	0
33793	0
33794	0
33795	0
33796	3
33797	0
33798	0
33799	0
33800	0
33801	0
33802	17
33803	0
33804	0
33805	0
33806	0
33807	0
33808	0
33809	0
33810	0
33811	1
33812	0
33813	0
33814	0
33815	9
33816	0
33817	0
33818	0
33819	0
33820	33
33821	1
33822	24
33823	0
33824	0
33825	79
33826	0
33827	0
33828	0
33829	0
33830	0
33831	0
33832	0
33833	0
33834	0
33835	0
33836	2
33837	0
33838	1
33839	0
33840	0
33841	0
33842	0
33843	0
33844	2
33845	0
33846	0
33847	0
33848	1
33849	0
33850	0
33851	2
33852	0
33853	3
33854	0
33855	3
33856	0
33857	2
33858	0
33859	0
33860	0
33861	0
33862	36
33863	0
33864	0
33865	0
33866	6
33867	1
33868	0
33869	0
33870	18
33871	0
33872	0
33873	0
33874	0
33875	0
33876	0
33877	1
33878	1
33879	0
33880	0
33881	0
33882	0
33883	0
33884	2
33885	0
33886	0
33887	0
33888	0
33889	0
33890	3
33891	31
33892	0
33893	0
33894	0
33895	0
33896	1
33897	0
33898	0
33899	0
33900	0
33901	0
33902	0
33903	0
33904	6
33905	0
33906	3
33907	0
33908	1
33909	0
33910	0
33911	0
33912	0
33913	9
33914	0
33915	0
33916	1
33917	0
33918	0
33919	0
33920	0
33921	1
33922	0
33923	2
33924	0
33925	0
33926	2
33927	0
33928	0
33929	0
33930	0
33931	0
33932	2
33933	0
33934	0
33935	0
33936	0
33937	0
33938	0
33939	0
33940	0
33941	0
33942	0
33943	0
33944	0
33945	0
33946	0
33947	1
33948	0
33949	0
33950	0
33951	0
33952	2
33953	0
33954	0
33955	0
33956	2
33957	12
33958	1
33959	17
33960	0
33961	1
33962	2
33963	0
33964	9
33965	7
33966	0
33967	0
33968	0
33969	0
33970	0
33971	0
33972	0
33973	0
33974	0
33975	0
33976	0
33977	0
33978	0
33979	0
33980	1
33981	0
33982	0
33983	1
33984	3
33985	0
33986	2
33987	0
33988	1
33989	0
33990	0
33991	0
33992	0
33993	0
33994	1
33995	0
33996	0
33997	0
33998	0
33999	0
34000	0
34001	0
34002	0
34003	0
34004	0
34005	0
34006	19
34007	10
34008	0
34009	0
34010	0
34011	0
34012	0
34013	0
34014	0
34015	0
34016	0
34017	0
34018	1
34019	0
34020	0
34021	0
34022	0
34023	0
34024	0
34025	0
34026	0
34027	0
34028	0
34029	0
34030	0
34031	0
34032	0
34033	0
34034	0
34035	0
34036	2
34037	0
34038	0
34039	0
34040	0
34041	0
34042	1
34043	0
34044	5
34045	0
34046	0
34047	0
34048	0
34049	0
34050	0
34051	0
34052	0
34053	0
34054	0
34055	0
34056	1
34057	4
34058	0
34059	0
34060	0
34061	0
34062	0
34063	0
34064	4
34065	0
34066	0
34067	2
34068	0
34069	0
34070	4
34071	0
34072	3
34073	0
34074	0
34075	0
34076	0
34077	0
34078	0
34079	0
34080	1
34081	0
34082	0
34083	1
34084	0
34085	8
34086	0
34087	0
34088	0
34089	0
34090	0
34091	4
34092	0
34093	0
34094	0
34095	0
34096	0
34097	0
34098	0
34099	0
34100	0
34101	0
34102	0
34103	0
34104	0
34105	0
34106	2
34107	0
34108	0
34109	0
34110	1
34111	0
34112	0
34113	0
34114	0
34115	0
34116	2
34117	0
34118	0
34119	31
34120	0
34121	0
34122	0
34123	0
34124	0
34125	0
34126	0
34127	0
34128	0
34129	0
34130	0
34131	0
34132	0
34133	0
34134	3
34135	0
34136	0
34137	0
34138	0
34139	0
34140	1
34141	0
34142	0
34143	0
34144	2
34145	0
34146	0
34147	0
34148	0
34149	0
34150	0
34151	0
34152	0
34153	0
34154	0
34155	1
34156	0
34157	1
34158	0
34159	1
34160	0
34161	82
34162	0
34163	2
34164	0
34165	0
34166	0
34167	0
34168	0
34169	0
34170	0
34171	0
34172	0
34173	6
34174	0
34175	0
34176	3
34177	0
34178	0
34179	0
34180	0
34181	0
34182	0
34183	0
34184	0
34185	0
34186	0
34187	0
34188	1
34189	0
34190	0
34191	0
34192	0
34193	4
34194	3
34195	0
34196	0
34197	0
34198	0
34199	2
34200	0
34201	0
34202	0
34203	2
34204	0
34205	2
34206	0
34207	0
34208	0
34209	0
34210	0
34211	0
34212	0
34213	1
34214	0
34215	0
34216	0
34217	0
34218	0
34219	0
34220	1
34221	0
34222	0
34223	0
34224	0
34225	0
34226	0
34227	0
34228	0
34229	0
34230	0
34231	0
34232	0
34233	0
34234	0
34235	0
34236	0
34237	0
34238	4
34239	0
34240	0
34241	0
34242	0
34243	6
34244	2
34245	0
34246	4
34247	0
34248	0
34249	0
34250	0
