8793	4
8794	0
8795	0
8796	102
8797	2
8798	0
8799	0
8800	0
8801	0
8802	0
8803	0
8804	0
8805	0
8806	0
8807	0
8808	0
8809	0
8810	0
8811	1
8812	0
8813	0
8814	52
8815	0
8816	0
8817	7
8818	0
8819	0
8820	0
8821	0
8822	43
8823	0
8824	0
8825	0
8826	0
8827	0
8828	0
8829	0
8830	0
8831	0
8832	0
8833	0
8834	0
8835	0
8836	0
8837	0
8838	0
8839	0
8840	0
8841	0
8842	0
8843	0
8844	38
8845	21
8846	4
8847	0
8848	0
8849	0
8850	0
8851	0
8852	0
8853	0
8854	0
8855	0
8856	0
8857	0
8858	0
8859	0
8860	0
8861	0
8862	0
8863	0
8864	0
8865	0
8866	0
8867	0
8868	0
8869	0
8870	0
8871	0
8872	3
8873	0
8874	0
8875	0
8876	0
8877	0
8878	0
8879	0
8880	0
8881	0
8882	0
8883	0
8884	0
8885	0
8886	0
8887	0
8888	0
8889	0
8890	0
8891	0
8892	0
8893	1
8894	0
8895	0
8896	0
8897	0
8898	4
8899	0
8900	0
8901	0
8902	0
8903	0
8904	0
8905	0
8906	0
8907	0
8908	5
8909	0
8910	0
8911	0
8912	0
8913	0
8914	1
8915	0
8916	0
8917	0
8918	0
8919	0
8920	0
8921	0
8922	1
8923	10
8924	4
8925	0
8926	0
8927	0
8928	0
8929	0
8930	0
8931	0
8932	0
8933	0
8934	0
8935	0
8936	0
8937	0
8938	7
8939	0
8940	0
8941	0
8942	0
8943	0
8944	0
8945	0
8946	0
8947	0
8948	0
8949	3
8950	0
8951	0
8952	10
8953	0
8954	0
8955	0
8956	0
8957	0
8958	0
8959	0
8960	0
8961	15
8962	1
8963	4
8964	4
8965	0
8966	0
8967	0
8968	30
8969	0
8970	0
8971	0
8972	0
8973	0
8974	2
8975	0
8976	0
8977	0
8978	0
8979	0
8980	0
8981	0
8982	0
8983	0
8984	4
8985	0
8986	11
8987	0
8988	0
8989	7
8990	0
8991	0
8992	0
8993	0
8994	0
8995	0
8996	0
8997	103
8998	0
8999	0
9000	0
9001	0
9002	0
9003	0
9004	0
9005	1
9006	0
9007	0
9008	4
9009	0
9010	0
9011	0
9012	0
9013	0
9014	5
9015	26
9016	0
9017	0
9018	0
9019	0
9020	0
9021	0
9022	1
9023	13
9024	10
9025	0
9026	0
9027	0
9028	0
9029	0
9030	0
9031	2
9032	15
9033	0
9034	3
9035	0
9036	0
9037	0
9038	0
9039	11
9040	1
9041	0
9042	0
9043	0
9044	0
9045	0
9046	0
9047	0
9048	2
9049	0
9050	0
9051	93
9052	0
9053	0
9054	0
9055	0
9056	0
9057	0
9058	0
9059	4
9060	1
9061	0
9062	0
9063	0
9064	0
9065	0
9066	0
9067	7
9068	0
9069	0
9070	0
9071	0
9072	0
9073	0
9074	0
9075	0
9076	0
9077	0
9078	0
9079	0
9080	0
9081	0
9082	17
9083	0
9084	0
9085	0
9086	0
9087	0
9088	0
9089	0
9090	0
9091	65
9092	10
9093	0
9094	0
9095	0
9096	0
9097	0
9098	0
9099	0
9100	0
9101	0
9102	0
9103	0
9104	4
9105	0
9106	31
9107	0
9108	0
9109	0
9110	0
9111	0
9112	0
9113	0
9114	0
9115	0
9116	0
9117	0
9118	0
9119	0
9120	0
9121	0
9122	0
9123	0
9124	0
9125	0
9126	0
9127	0
9128	0
9129	0
9130	0
9131	0
9132	0
9133	0
9134	0
9135	0
9136	0
9137	0
9138	0
9139	1
9140	0
9141	0
9142	39
9143	0
9144	0
9145	0
9146	0
9147	0
9148	0
9149	0
9150	0
9151	0
9152	0
9153	0
9154	28
9155	0
9156	0
9157	0
9158	0
9159	0
9160	0
9161	2
9162	0
9163	0
9164	0
9165	0
9166	0
9167	0
9168	0
9169	0
9170	0
9171	0
9172	0
9173	0
9174	0
9175	0
9176	0
9177	0
9178	0
9179	0
9180	0
9181	1
9182	0
9183	0
9184	0
9185	0
9186	0
9187	0
9188	0
9189	0
9190	0
9191	0
9192	0
9193	0
9194	19
9195	0
9196	8
9197	10
9198	2
9199	0
9200	0
9201	0
9202	0
9203	10
9204	10
9205	4
9206	0
9207	1
9208	0
9209	0
9210	0
9211	21
9212	0
9213	0
9214	0
9215	0
9216	1
9217	0
9218	0
9219	27
9220	0
9221	0
9222	0
9223	0
9224	0
9225	0
9226	0
9227	0
9228	4
9229	0
9230	0
9231	4
9232	0
9233	7
9234	1
9235	0
9236	0
9237	1
9238	0
9239	2
9240	0
9241	0
9242	0
9243	0
9244	3
9245	0
9246	39
9247	59
9248	1
9249	0
9250	4
9251	0
9252	26
9253	0
9254	0
9255	0
9256	0
9257	0
9258	16
9259	0
9260	0
9261	0
9262	0
9263	0
9264	0
9265	4
9266	0
9267	0
9268	0
9269	0
9270	0
9271	0
9272	0
9273	7
9274	0
9275	0
9276	0
9277	0
9278	0
9279	0
9280	0
9281	0
9282	0
9283	0
9284	0
9285	0
9286	0
9287	0
9288	0
9289	0
9290	0
9291	2
9292	0
9293	0
9294	0
9295	0
9296	0
9297	0
9298	0
9299	0
9300	0
9301	0
9302	2
9303	0
9304	0
9305	76
9306	66
9307	0
9308	0
9309	0
9310	0
9311	0
9312	0
9313	0
9314	7
9315	0
9316	3
9317	0
9318	0
9319	10
9320	0
9321	36
9322	0
9323	3
9324	0
9325	1
9326	0
9327	0
9328	0
9329	0
9330	0
9331	0
9332	4
9333	0
9334	0
9335	4
9336	0
9337	0
9338	0
9339	0
9340	0
9341	10
9342	0
9343	13
9344	3
9345	0
9346	0
9347	4
9348	0
9349	52
9350	0
9351	0
9352	0
9353	0
9354	0
9355	0
