98723	0
98724	0
98725	0
98726	0
98727	0
98728	3
98729	17
98730	0
98731	3
98732	4
98733	0
98734	0
98735	0
98736	5
98737	0
98738	7
98739	2
98740	0
98741	0
98742	2
98743	0
98744	0
98745	0
98746	0
98747	0
98748	2
98749	1
98750	0
98751	0
98752	0
98753	0
98754	0
98755	1
98756	17
98757	44
98758	7
98759	0
98760	0
98761	0
98762	0
98763	0
98764	0
98765	4
98766	0
98767	0
98768	1
98769	4
98770	0
98771	0
98772	7
98773	0
98774	0
98775	2
98776	0
98777	1
98778	0
98779	0
98780	0
98781	0
98782	0
98783	0
98784	0
98785	0
98786	17
98787	0
98788	0
98789	0
98790	0
98791	0
98792	0
98793	0
98794	0
98795	0
98796	0
98797	2
98798	0
98799	4
98800	0
98801	0
98802	0
98803	0
98804	0
98805	0
98806	1
98807	9
98808	0
98809	0
98810	0
98811	0
98812	43
98813	1
98814	0
98815	1
98816	0
98817	0
98818	0
98819	0
98820	0
98821	0
98822	0
98823	0
98824	2
98825	0
98826	0
98827	0
98828	0
98829	0
98830	0
98831	0
98832	0
98833	0
98834	0
98835	0
98836	0
98837	2
98838	0
98839	1
98840	0
98841	1
98842	0
98843	0
98844	0
98845	0
98846	2
98847	0
98848	0
98849	0
98850	0
98851	0
98852	10
98853	0
98854	0
98855	29
98856	10
98857	53
98858	0
98859	0
98860	10
98861	0
98862	0
98863	0
98864	0
98865	0
98866	0
98867	0
98868	0
98869	0
98870	0
98871	0
98872	1
98873	0
98874	0
98875	0
98876	0
98877	0
98878	7
98879	0
98880	0
98881	0
98882	0
98883	0
98884	0
98885	0
98886	0
98887	0
98888	4
98889	0
98890	0
98891	2
98892	4
98893	0
98894	0
98895	0
98896	1
98897	7
98898	0
98899	0
98900	4
98901	0
98902	0
98903	0
98904	1
98905	0
98906	0
98907	0
98908	0
98909	14
98910	0
98911	0
98912	1
98913	0
98914	0
98915	7
98916	0
98917	0
98918	22
98919	4
98920	0
98921	0
98922	0
98923	7
98924	32
98925	0
98926	4
98927	0
98928	0
98929	0
98930	1
98931	0
98932	0
98933	4
98934	0
98935	0
98936	0
98937	0
98938	10
98939	4
98940	0
98941	4
98942	0
98943	0
98944	0
98945	0
98946	0
98947	0
98948	0
98949	0
98950	0
98951	0
98952	0
98953	6
98954	15
98955	0
98956	8
98957	1
98958	1
98959	0
98960	0
98961	0
98962	0
98963	0
98964	0
98965	0
98966	0
98967	0
98968	7
98969	0
98970	36
98971	0
98972	0
98973	0
98974	0
98975	0
98976	0
98977	3
98978	0
98979	0
98980	4
98981	0
98982	0
98983	0
98984	0
98985	0
98986	0
98987	13
98988	4
98989	0
98990	0
98991	0
98992	0
98993	0
98994	0
98995	0
98996	7
98997	0
98998	0
98999	0
99000	0
99001	4
99002	0
99003	0
99004	1
99005	0
99006	0
99007	1
99008	4
99009	0
99010	0
99011	0
99012	0
99013	0
99014	0
99015	0
99016	1
99017	0
99018	0
99019	2
99020	0
99021	0
99022	0
99023	0
99024	0
99025	0
99026	0
99027	0
99028	0
99029	1
99030	0
99031	0
99032	0
99033	1
99034	0
99035	0
99036	0
99037	25
99038	0
99039	0
99040	0
99041	0
99042	0
99043	0
99044	16
99045	0
99046	1
99047	0
99048	0
99049	1
99050	0
99051	0
99052	0
99053	2
99054	11
99055	0
99056	1
99057	4
99058	0
99059	0
99060	0
99061	0
99062	0
99063	0
99064	1
99065	0
99066	0
99067	0
99068	0
99069	0
99070	1
99071	0
99072	1
99073	0
99074	0
99075	0
99076	0
99077	0
99078	0
99079	4
99080	4
99081	0
99082	0
99083	0
99084	0
99085	0
99086	0
99087	0
99088	0
99089	0
99090	0
99091	0
99092	0
99093	0
99094	0
99095	1
99096	0
99097	0
99098	0
99099	0
99100	0
99101	7
99102	2
99103	0
99104	1
99105	1
99106	0
99107	0
99108	0
99109	0
99110	0
99111	0
99112	1
99113	0
99114	0
99115	0
99116	0
99117	1
99118	0
99119	0
99120	63
99121	0
99122	0
99123	0
99124	0
99125	3
99126	0
99127	0
99128	37
99129	10
99130	7
99131	12
99132	0
99133	0
99134	0
99135	0
99136	0
99137	0
99138	66
99139	1
99140	0
99141	0
99142	0
99143	0
99144	1
99145	0
99146	0
99147	0
99148	0
99149	0
99150	0
99151	0
99152	2
99153	0
99154	0
99155	0
99156	0
99157	0
99158	0
99159	0
99160	0
99161	0
99162	0
99163	1
99164	0
99165	0
99166	18
99167	0
99168	0
99169	7
99170	0
99171	28
99172	0
99173	0
99174	0
99175	0
99176	7
99177	7
99178	0
99179	0
99180	0
99181	56
99182	0
99183	0
99184	5
99185	0
99186	4
99187	4
99188	0
99189	0
99190	3
99191	0
99192	0
99193	0
99194	0
99195	0
99196	0
99197	0
99198	0
99199	0
99200	0
99201	0
99202	0
99203	0
99204	0
99205	2
99206	0
99207	0
99208	0
99209	0
99210	0
99211	1
99212	0
99213	0
99214	0
99215	1
99216	0
99217	0
99218	0
99219	0
99220	0
99221	0
99222	0
99223	18
99224	81
99225	134
99226	0
99227	0
99228	0
99229	0
99230	0
99231	4
99232	0
99233	0
99234	0
99235	0
99236	1
99237	1
99238	0
99239	0
99240	0
99241	0
99242	0
99243	0
99244	0
99245	0
99246	0
99247	1
99248	0
99249	0
99250	0
99251	0
99252	15
99253	0
99254	0
99255	0
99256	0
99257	0
99258	0
99259	0
99260	0
99261	0
99262	0
99263	0
99264	0
99265	0
99266	1
99267	0
99268	0
99269	0
99270	0
99271	1
99272	0
99273	21
99274	0
99275	0
99276	1
99277	12
99278	0
99279	17
99280	0
99281	1
99282	4
99283	0
99284	3
99285	2
99286	0
99287	0
99288	0
99289	0
99290	0
99291	0
99292	12
99293	0
99294	0
99295	4
99296	1
99297	0
99298	0
99299	0
99300	0
99301	0
99302	17
99303	0
99304	0
99305	0
99306	0
99307	4
99308	2
99309	19
99310	0
99311	0
99312	0
99313	0
99314	7
99315	0
99316	0
99317	0
99318	1
99319	22
99320	0
99321	0
99322	0
99323	0
99324	0
99325	0
99326	0
99327	0
99328	0
99329	0
99330	0
99331	0
99332	0
99333	0
99334	0
99335	0
99336	0
99337	0
99338	22
99339	16
99340	40
99341	0
99342	0
99343	0
99344	0
99345	0
99346	0
99347	4
99348	4
99349	0
99350	0
99351	0
99352	0
99353	0
99354	4
99355	0
99356	0
99357	0
99358	0
99359	0
99360	0
99361	25
99362	0
99363	0
99364	4
99365	0
99366	0
99367	0
99368	0
99369	0
99370	0
99371	0
99372	0
99373	0
99374	0
99375	0
99376	0
99377	0
99378	0
99379	0
99380	0
99381	0
99382	1
99383	0
99384	4
99385	4
99386	0
99387	1
99388	0
99389	0
99390	0
99391	0
99392	0
99393	4
99394	6
99395	0
99396	0
99397	0
99398	0
99399	0
99400	0
99401	0
99402	0
99403	1
99404	0
99405	0
99406	0
99407	0
99408	0
99409	1
99410	0
99411	0
99412	0
99413	0
99414	0
99415	0
99416	1
99417	0
99418	0
99419	0
99420	0
99421	0
99422	0
99423	0
99424	0
99425	0
99426	0
99427	1
99428	0
99429	0
99430	0
99431	0
99432	0
99433	0
99434	3
99435	0
99436	0
99437	0
99438	0
99439	0
99440	0
99441	0
99442	0
99443	0
99444	0
99445	0
99446	0
99447	0
99448	0
99449	0
99450	0
99451	0
99452	0
99453	0
99454	0
99455	0
99456	2
99457	0
99458	0
99459	0
99460	4
99461	1
99462	0
99463	0
99464	0
99465	0
99466	0
99467	0
99468	0
99469	0
99470	0
99471	8
99472	0
99473	0
99474	0
99475	0
99476	1
99477	4
99478	26
99479	0
99480	0
99481	0
99482	0
99483	0
99484	0
99485	0
99486	0
99487	0
99488	0
99489	0
99490	0
99491	14
99492	33
99493	34
99494	20
99495	0
99496	1
99497	4
99498	0
99499	2
99500	1
99501	0
99502	0
99503	0
99504	0
99505	0
99506	0
99507	1
99508	0
99509	0
99510	0
99511	0
99512	0
99513	13
99514	0
99515	0
99516	7
99517	0
99518	0
99519	0
99520	0
99521	0
99522	0
99523	0
99524	41
99525	44
99526	2
99527	0
99528	0
99529	0
99530	1
99531	2
99532	0
99533	0
99534	0
99535	0
99536	0
99537	0
99538	1
99539	4
99540	4
99541	0
99542	2
99543	4
99544	0
99545	0
99546	0
99547	0
99548	10
99549	4
99550	0
99551	0
99552	1
99553	0
99554	0
99555	0
99556	0
99557	0
99558	0
99559	0
99560	24
99561	28
99562	96
99563	7
99564	0
99565	0
99566	0
99567	12
99568	0
99569	0
99570	0
99571	7
99572	0
99573	0
99574	0
99575	0
99576	0
99577	1
99578	0
99579	0
99580	0
99581	0
99582	0
99583	27
99584	0
99585	3
99586	0
99587	0
99588	0
99589	0
99590	0
99591	1
99592	0
99593	0
99594	0
99595	0
99596	0
99597	0
99598	0
99599	1
99600	0
99601	0
99602	0
99603	0
99604	0
99605	0
99606	0
99607	0
99608	0
99609	0
99610	0
99611	15
99612	12
99613	0
99614	0
99615	0
99616	0
99617	0
99618	7
99619	0
99620	2
99621	1
99622	0
99623	0
99624	0
99625	1
99626	0
99627	0
99628	0
99629	0
99630	0
99631	0
99632	0
99633	0
99634	1
99635	3
99636	0
99637	0
99638	1
99639	0
99640	0
99641	1
99642	0
99643	0
99644	0
99645	0
99646	7
99647	28
99648	0
99649	10
99650	0
99651	0
99652	0
99653	0
99654	0
99655	0
99656	0
99657	66
99658	0
99659	13
99660	0
99661	0
99662	3
99663	59
99664	35
99665	0
99666	0
99667	0
99668	0
99669	0
99670	0
99671	0
99672	0
99673	44
99674	4
99675	0
99676	0
99677	0
99678	0
99679	0
99680	0
99681	1
99682	0
99683	0
99684	0
99685	0
99686	1
99687	0
99688	0
99689	0
99690	1
99691	0
99692	3
99693	0
99694	0
99695	0
99696	0
99697	3
99698	0
99699	0
99700	0
99701	0
99702	0
99703	0
99704	4
99705	1
99706	0
99707	0
99708	4
99709	0
99710	0
99711	0
99712	0
99713	0
99714	12
99715	0
99716	0
99717	0
99718	0
99719	0
99720	0
99721	0
99722	4
99723	1
99724	0
99725	0
99726	0
99727	0
99728	0
99729	0
99730	0
99731	0
99732	0
99733	0
99734	0
99735	0
99736	0
99737	0
99738	1
99739	17
99740	0
99741	0
99742	0
99743	0
99744	0
99745	0
99746	0
99747	0
99748	0
99749	0
99750	0
99751	0
99752	7
99753	0
99754	47
99755	12
99756	0
99757	0
99758	0
99759	0
99760	0
99761	0
99762	0
99763	0
99764	0
99765	0
99766	10
99767	0
99768	0
99769	0
99770	0
99771	0
99772	0
99773	0
99774	0
99775	0
99776	1
99777	57
99778	1
99779	0
99780	2
99781	0
99782	1
99783	0
99784	0
99785	0
99786	0
99787	0
99788	0
99789	0
99790	1
99791	7
99792	0
99793	0
99794	0
99795	0
99796	2
99797	0
99798	0
99799	0
99800	3
99801	0
99802	1
99803	0
99804	0
99805	0
99806	4
99807	0
99808	0
99809	0
99810	0
99811	0
99812	0
99813	1
99814	0
99815	0
99816	44
99817	0
99818	4
99819	1
99820	0
99821	0
99822	0
99823	0
99824	0
99825	0
99826	32
99827	0
99828	73
99829	0
99830	0
99831	0
99832	0
99833	1
99834	0
99835	0
99836	0
99837	0
99838	2
99839	0
99840	1
99841	1
99842	0
99843	4
99844	0
99845	10
99846	0
99847	0
99848	0
99849	0
99850	2
99851	0
99852	1
99853	1
99854	7
99855	1
99856	2
99857	7
99858	0
99859	0
99860	0
99861	0
99862	0
99863	0
99864	0
99865	0
99866	0
99867	0
99868	0
99869	0
99870	0
99871	0
99872	0
99873	2
99874	0
99875	0
99876	0
99877	1
99878	0
99879	0
99880	1
99881	0
99882	4
99883	0
99884	0
99885	0
99886	0
99887	1
99888	0
99889	0
99890	0
99891	0
99892	0
99893	0
99894	4
99895	4
99896	1
99897	0
99898	0
99899	0
99900	0
99901	0
99902	0
99903	0
99904	0
99905	0
99906	0
99907	0
99908	0
99909	0
99910	4
99911	0
99912	1
99913	0
99914	0
99915	0
99916	0
99917	0
99918	0
99919	0
99920	0
99921	0
99922	0
99923	0
99924	1
99925	0
99926	0
99927	0
99928	0
99929	0
99930	0
99931	0
99932	0
99933	7
99934	0
99935	0
99936	0
99937	0
99938	0
99939	0
99940	0
99941	0
99942	0
99943	0
99944	4
99945	0
99946	4
99947	0
99948	1
99949	0
99950	0
99951	4
99952	0
99953	0
99954	0
99955	0
99956	0
99957	0
99958	0
99959	0
99960	0
99961	0
99962	0
99963	0
99964	0
99965	7
99966	0
99967	0
99968	0
99969	28
99970	0
99971	0
99972	0
99973	1
99974	2
99975	1
99976	0
99977	17
99978	0
99979	0
99980	0
99981	0
99982	0
99983	0
99984	0
99985	0
99986	0
99987	0
99988	0
99989	0
99990	0
99991	0
99992	0
99993	0
99994	0
99995	0
99996	0
99997	0
99998	6
99999	0
100000	0
100001	0
100002	0
100003	0
100004	0
100005	0
100006	1
100007	0
100008	0
100009	0
100010	0
100011	0
100012	0
100013	1
100014	1
100015	0
100016	0
100017	0
100018	0
100019	0
100020	0
100021	0
100022	0
100023	0
100024	0
100025	0
100026	0
100027	0
100028	0
100029	0
100030	0
100031	7
100032	0
100033	0
100034	0
100035	0
100036	1
100037	0
100038	4
100039	0
100040	1
100041	0
100042	0
100043	2
100044	0
100045	0
100046	0
100047	2
100048	0
100049	4
100050	0
100051	0
100052	0
100053	0
100054	2
100055	9
100056	2
100057	16
100058	3
100059	0
100060	0
100061	3
100062	0
100063	0
100064	1
100065	1
100066	4
100067	0
100068	1
100069	1
100070	0
100071	0
100072	0
100073	7
100074	0
100075	0
100076	0
100077	0
100078	0
100079	0
100080	3
100081	0
100082	0
100083	0
100084	2
100085	0
100086	0
100087	0
100088	0
100089	0
100090	0
100091	3
100092	0
100093	0
100094	0
100095	0
100096	4
100097	1
100098	0
100099	0
100100	0
100101	0
100102	0
100103	0
100104	0
100105	0
100106	2
100107	12
100108	0
100109	0
100110	0
100111	12
100112	0
100113	10
100114	0
100115	0
100116	0
100117	0
100118	0
100119	0
100120	0
100121	0
100122	0
100123	0
100124	2
100125	0
100126	0
