18366	8
18367	0
18368	0
18369	2
18370	1
18371	0
18372	0
18373	0
18374	0
18375	0
18376	0
18377	0
18378	0
18379	0
18380	0
18381	0
18382	0
18383	0
18384	0
18385	0
18386	0
18387	0
18388	0
18389	0
18390	0
18391	0
18392	0
18393	0
18394	0
18395	47
18396	0
18397	0
18398	0
18399	0
18400	0
18401	0
18402	0
18403	0
18404	0
18405	0
18406	0
18407	0
18408	0
18409	9
18410	0
18411	0
18412	0
18413	0
18414	0
18415	0
18416	0
18417	0
18418	3
18419	0
18420	0
18421	0
18422	0
18423	0
18424	0
18425	16
18426	0
18427	0
18428	0
18429	0
18430	0
18431	0
18432	0
18433	0
18434	0
18435	0
18436	0
18437	0
18438	0
18439	0
18440	0
18441	0
18442	0
18443	0
18444	0
18445	0
18446	0
18447	0
18448	0
18449	0
18450	0
18451	0
18452	0
18453	0
18454	0
18455	0
18456	0
18457	0
18458	0
18459	0
18460	0
18461	0
18462	0
18463	0
18464	0
18465	0
18466	0
18467	0
18468	0
18469	0
18470	0
18471	0
18472	0
18473	10
18474	17
18475	0
18476	0
18477	0
18478	0
18479	0
18480	0
18481	0
18482	0
18483	12
18484	1
18485	0
18486	0
18487	0
18488	0
18489	0
18490	0
18491	0
18492	0
18493	0
18494	1
18495	0
18496	0
18497	2
18498	0
18499	0
18500	0
18501	0
18502	0
18503	0
18504	0
18505	0
18506	1
18507	0
18508	0
18509	0
18510	1
18511	0
18512	0
18513	0
18514	0
18515	0
18516	0
18517	74
18518	48
18519	0
18520	0
18521	0
18522	0
18523	0
18524	0
18525	0
18526	0
18527	0
18528	0
18529	0
18530	0
18531	0
18532	0
18533	1
18534	0
18535	0
18536	0
18537	0
18538	1
18539	0
18540	0
18541	0
18542	0
18543	0
18544	0
18545	0
18546	0
18547	0
18548	4
18549	0
18550	0
18551	0
18552	0
18553	0
18554	0
18555	0
18556	2
18557	0
18558	1
18559	0
18560	0
18561	0
18562	0
18563	2
18564	0
18565	0
18566	0
18567	0
18568	0
18569	12
18570	0
18571	0
18572	0
18573	0
18574	0
18575	0
18576	0
18577	0
18578	0
18579	0
18580	0
18581	1
18582	0
18583	0
18584	0
18585	0
18586	0
18587	1
18588	0
18589	1
18590	0
18591	0
18592	0
18593	0
18594	0
18595	0
18596	0
18597	0
18598	0
18599	0
18600	0
18601	0
18602	0
18603	0
18604	0
18605	0
18606	0
18607	0
18608	0
18609	0
18610	28
18611	2
18612	0
18613	0
18614	1
18615	0
18616	0
18617	0
18618	0
18619	0
18620	0
18621	0
18622	0
18623	0
18624	0
18625	0
18626	4
18627	0
18628	0
18629	0
18630	0
18631	0
18632	0
18633	0
18634	0
18635	2
18636	0
18637	0
18638	0
18639	0
18640	0
18641	0
18642	4
18643	7
18644	0
18645	0
18646	0
18647	0
18648	0
18649	7
18650	1
18651	0
18652	0
18653	4
18654	1
18655	0
18656	0
18657	0
18658	4
18659	0
18660	0
18661	0
18662	0
18663	0
18664	43
18665	0
18666	0
18667	0
18668	0
18669	0
18670	0
18671	0
18672	0
18673	0
18674	52
18675	0
18676	0
18677	0
18678	0
18679	0
18680	2
18681	12
18682	2
18683	0
18684	0
18685	0
18686	0
18687	0
18688	0
18689	0
18690	0
18691	0
18692	0
18693	0
18694	1
18695	0
18696	0
18697	0
18698	0
18699	0
18700	0
18701	0
18702	0
18703	0
18704	0
18705	0
18706	0
18707	0
18708	0
18709	5
18710	40
18711	0
18712	0
18713	0
18714	0
18715	0
18716	0
18717	0
18718	0
18719	0
18720	21
18721	6
18722	0
18723	0
18724	0
18725	0
18726	0
18727	0
18728	0
18729	1
18730	9
18731	0
18732	0
18733	0
18734	0
18735	0
18736	0
18737	0
18738	0
18739	0
18740	0
18741	0
18742	0
18743	0
18744	54
18745	0
18746	0
18747	0
18748	0
18749	0
18750	0
18751	0
18752	0
18753	0
18754	1
18755	3
18756	0
18757	0
18758	0
18759	0
18760	1
18761	0
18762	0
18763	0
18764	0
18765	0
18766	0
18767	2
18768	0
18769	0
18770	0
18771	0
18772	0
18773	0
18774	7
18775	0
18776	0
18777	0
18778	0
18779	0
18780	0
18781	0
18782	0
18783	0
18784	0
18785	0
18786	0
18787	0
18788	0
18789	0
18790	0
18791	0
18792	0
18793	0
18794	0
18795	0
18796	0
18797	0
18798	0
18799	17
18800	0
18801	1
18802	0
18803	7
18804	0
18805	0
18806	0
18807	0
18808	6
18809	41
18810	7
18811	0
18812	0
18813	0
18814	0
18815	0
18816	0
18817	0
18818	0
18819	0
18820	7
18821	0
18822	0
18823	0
18824	0
18825	0
18826	0
18827	0
18828	0
18829	0
18830	0
18831	4
18832	1
18833	0
18834	0
18835	0
18836	0
18837	0
18838	0
18839	0
18840	0
18841	0
18842	0
18843	0
18844	0
18845	0
18846	0
18847	0
18848	0
18849	0
18850	0
18851	0
18852	7
18853	4
18854	4
18855	0
18856	0
18857	0
18858	11
18859	28
18860	2
18861	0
18862	0
18863	0
18864	0
18865	0
18866	0
18867	0
18868	0
18869	0
18870	0
18871	0
18872	0
18873	0
18874	0
18875	0
18876	0
18877	0
18878	2
18879	0
18880	0
18881	0
18882	1
18883	0
18884	0
18885	0
18886	0
18887	0
18888	0
18889	0
18890	0
18891	0
18892	0
18893	1
18894	0
18895	1
18896	0
18897	0
18898	0
18899	0
18900	7
18901	4
18902	0
18903	0
18904	0
18905	1
18906	0
18907	0
18908	0
18909	0
18910	0
18911	0
18912	0
18913	0
18914	7
18915	1
18916	0
18917	0
18918	0
18919	1
18920	44
18921	0
18922	0
18923	0
18924	0
18925	0
18926	0
18927	0
18928	0
18929	70
18930	8
18931	11
18932	0
18933	1
18934	0
18935	0
18936	0
18937	0
18938	0
18939	0
18940	0
18941	0
18942	12
18943	0
18944	0
18945	7
18946	1
18947	0
18948	0
18949	0
18950	0
18951	0
18952	0
18953	0
18954	0
18955	0
18956	4
18957	0
18958	0
18959	0
18960	0
18961	0
18962	0
18963	0
18964	0
18965	0
18966	0
18967	0
18968	0
18969	0
18970	0
18971	0
18972	0
18973	0
18974	0
18975	0
18976	0
18977	0
18978	7
18979	0
18980	0
18981	0
18982	0
18983	0
18984	2
18985	0
18986	1
18987	0
18988	0
18989	0
18990	0
18991	0
18992	0
18993	0
18994	0
18995	0
18996	7
18997	0
18998	0
18999	0
19000	0
19001	0
19002	0
19003	0
19004	0
19005	4
19006	0
19007	0
19008	0
19009	0
19010	0
19011	0
19012	0
19013	0
19014	0
19015	1
19016	0
19017	0
19018	0
19019	0
19020	0
19021	0
19022	0
19023	0
19024	0
19025	0
19026	0
19027	0
19028	0
19029	0
19030	0
19031	0
19032	1
19033	0
19034	0
19035	0
19036	0
19037	0
19038	0
19039	0
19040	0
19041	0
19042	0
19043	0
19044	0
19045	0
19046	0
19047	0
19048	0
19049	2
19050	0
19051	0
19052	0
19053	0
19054	0
19055	0
19056	0
19057	0
19058	34
19059	0
19060	0
19061	0
19062	0
19063	8
19064	0
19065	0
19066	0
19067	0
19068	0
19069	7
19070	0
19071	0
19072	0
19073	0
19074	0
19075	0
19076	0
19077	0
19078	0
19079	0
19080	0
19081	0
19082	0
19083	0
19084	0
19085	0
19086	0
19087	4
19088	0
19089	0
19090	1
19091	0
19092	0
19093	0
19094	0
19095	2
19096	0
19097	0
19098	0
19099	0
19100	4
19101	0
19102	0
19103	0
19104	0
19105	0
19106	1
19107	0
19108	0
19109	0
19110	2
19111	0
19112	0
19113	0
19114	0
19115	0
19116	0
19117	0
19118	0
19119	0
19120	0
19121	0
19122	0
19123	0
19124	1
19125	0
19126	12
19127	6
19128	0
19129	0
19130	0
19131	0
19132	0
19133	0
19134	0
19135	0
19136	2
19137	0
19138	0
19139	0
19140	0
19141	0
19142	0
19143	0
19144	0
19145	0
19146	0
19147	1
19148	0
19149	0
19150	6
19151	0
19152	12
19153	0
19154	0
19155	0
19156	0
19157	0
19158	0
19159	1
19160	0
19161	0
19162	0
19163	0
19164	0
19165	0
19166	0
19167	1
19168	0
19169	0
19170	0
19171	0
19172	0
19173	0
19174	0
19175	1
19176	0
19177	0
19178	0
19179	0
19180	0
19181	0
19182	0
19183	0
19184	0
19185	0
19186	0
19187	3
19188	0
19189	0
19190	0
19191	0
19192	0
19193	0
19194	0
19195	0
19196	0
19197	0
19198	0
19199	0
19200	0
19201	0
19202	0
19203	0
19204	0
19205	0
19206	0
19207	0
19208	0
19209	0
19210	0
19211	0
19212	0
19213	0
19214	0
19215	0
19216	2
19217	0
19218	1
19219	0
19220	1
19221	0
19222	0
19223	0
19224	0
19225	0
19226	0
19227	0
19228	0
19229	0
19230	0
19231	0
19232	0
19233	0
19234	0
19235	0
19236	0
19237	0
19238	0
19239	0
19240	0
19241	0
19242	0
19243	0
19244	0
19245	0
19246	0
19247	0
19248	4
19249	12
19250	0
19251	0
19252	0
19253	0
19254	0
19255	0
19256	0
19257	0
19258	0
19259	0
19260	0
19261	0
19262	0
19263	12
19264	0
19265	0
19266	0
19267	0
19268	0
19269	10
19270	10
19271	0
19272	0
19273	0
19274	0
19275	0
19276	0
19277	0
19278	0
19279	0
19280	0
19281	0
19282	0
19283	0
19284	0
19285	0
19286	0
19287	0
19288	0
19289	0
19290	0
19291	0
19292	1
19293	0
19294	0
19295	0
19296	0
19297	0
19298	0
19299	2
19300	0
19301	0
19302	0
19303	0
19304	2
19305	3
19306	0
19307	0
19308	0
19309	0
19310	0
19311	0
19312	0
19313	0
19314	0
19315	0
19316	0
19317	0
19318	0
19319	7
19320	0
19321	0
19322	0
19323	0
19324	0
19325	0
19326	0
19327	0
19328	0
19329	0
19330	0
19331	0
19332	0
19333	0
19334	0
19335	0
19336	0
19337	0
19338	3
19339	7
19340	0
19341	0
19342	0
19343	0
19344	0
19345	0
19346	0
19347	0
19348	1
19349	0
19350	0
19351	0
19352	12
19353	17
19354	0
19355	12
19356	0
19357	7
19358	0
19359	2
19360	0
19361	0
19362	0
19363	0
19364	0
19365	0
19366	0
19367	0
19368	0
19369	0
19370	0
19371	0
19372	0
19373	0
19374	0
19375	0
19376	2
19377	0
19378	0
19379	84
19380	25
19381	2
19382	0
19383	0
19384	0
19385	0
19386	0
19387	0
19388	0
19389	0
19390	0
19391	59
19392	0
19393	0
19394	0
19395	0
19396	0
19397	0
19398	0
19399	0
19400	0
19401	0
19402	4
19403	27
19404	0
19405	0
19406	0
19407	0
19408	0
19409	0
19410	0
19411	0
19412	0
19413	0
19414	0
19415	0
19416	6
19417	0
19418	0
19419	0
19420	0
19421	0
19422	17
19423	0
19424	4
19425	0
19426	0
19427	1
19428	0
19429	0
19430	0
19431	0
19432	1
19433	7
19434	7
19435	0
19436	0
19437	4
19438	0
19439	0
19440	0
19441	0
19442	0
19443	0
19444	0
19445	0
19446	0
19447	0
19448	0
19449	2
19450	0
19451	0
19452	0
19453	0
19454	7
19455	0
19456	0
19457	0
19458	40
19459	0
19460	37
19461	0
19462	0
19463	7
19464	0
19465	0
19466	0
19467	0
19468	0
19469	0
19470	0
19471	0
19472	0
19473	1
19474	0
19475	2
19476	0
19477	0
19478	0
19479	0
19480	0
19481	0
19482	0
19483	0
19484	0
19485	0
19486	1
19487	0
19488	15
19489	0
19490	0
19491	0
19492	1
19493	0
19494	0
19495	0
19496	0
19497	0
19498	0
19499	0
19500	0
19501	0
19502	0
19503	0
19504	0
19505	0
19506	3
19507	0
19508	0
19509	0
19510	0
19511	0
19512	0
19513	0
19514	0
19515	0
19516	0
19517	0
19518	0
19519	0
19520	0
19521	1
19522	0
19523	7
19524	1
19525	0
19526	0
19527	0
19528	0
19529	0
19530	0
19531	0
19532	0
19533	0
19534	0
19535	0
19536	0
19537	0
19538	0
19539	0
19540	0
19541	0
19542	62
19543	0
19544	0
19545	1
19546	11
19547	8
19548	0
19549	4
19550	0
19551	10
19552	0
19553	1
19554	0
19555	0
19556	0
19557	0
19558	0
19559	0
19560	0
19561	0
19562	0
19563	0
19564	0
19565	0
19566	1
19567	0
19568	0
19569	0
19570	0
19571	2
19572	0
19573	0
19574	0
19575	0
19576	0
19577	0
19578	0
19579	0
19580	0
19581	0
19582	0
19583	0
19584	0
19585	0
19586	0
19587	0
19588	0
19589	0
19590	12
19591	0
19592	0
19593	0
19594	0
19595	0
19596	0
19597	0
19598	0
19599	0
19600	0
19601	0
19602	27
19603	0
19604	0
19605	0
19606	0
19607	0
19608	0
19609	40
19610	0
19611	0
19612	0
19613	0
19614	0
19615	0
19616	0
19617	0
19618	0
19619	0
19620	3
19621	0
19622	0
19623	0
19624	0
19625	0
19626	0
19627	0
19628	0
19629	0
19630	0
19631	0
19632	0
19633	0
19634	0
19635	0
19636	0
19637	0
19638	0
19639	60
19640	16
19641	0
19642	0
19643	0
19644	110
19645	0
19646	0
19647	0
19648	0
19649	0
19650	1
19651	2
19652	0
19653	0
19654	0
19655	0
19656	0
19657	0
19658	0
19659	6
19660	2
19661	0
19662	0
19663	0
19664	0
19665	0
19666	0
19667	1
19668	0
19669	0
19670	2
19671	0
19672	2
19673	0
19674	7
19675	11
19676	0
19677	2
19678	0
19679	0
19680	0
19681	0
19682	0
19683	0
19684	0
19685	0
19686	0
19687	0
19688	0
19689	0
19690	0
19691	0
19692	0
19693	2
19694	0
19695	0
19696	0
19697	0
19698	0
19699	0
19700	0
19701	0
19702	0
19703	0
19704	0
19705	0
19706	0
19707	0
19708	0
19709	0
19710	7
19711	0
19712	0
19713	0
19714	0
19715	0
19716	0
19717	0
19718	0
19719	0
19720	0
19721	0
19722	0
19723	0
19724	0
19725	0
19726	1
19727	0
19728	0
19729	0
19730	0
19731	0
19732	0
19733	0
19734	0
19735	0
19736	0
19737	0
19738	0
19739	0
19740	0
19741	0
19742	0
19743	0
19744	0
19745	0
19746	0
19747	0
19748	1
19749	0
19750	0
19751	0
19752	0
19753	0
19754	0
19755	0
19756	0
19757	0
19758	0
19759	0
19760	1
19761	0
19762	0
19763	4
19764	0
19765	24
19766	0
19767	0
19768	0
19769	0
19770	0
19771	0
19772	0
19773	0
19774	40
19775	1
19776	0
19777	0
19778	0
19779	0
19780	0
19781	7
19782	0
19783	0
19784	0
19785	0
19786	0
19787	0
19788	0
19789	0
19790	0
19791	0
19792	0
19793	0
19794	0
19795	0
19796	0
19797	0
19798	0
19799	0
19800	0
19801	0
19802	0
19803	0
19804	0
19805	0
19806	0
19807	0
19808	1
19809	0
19810	0
19811	0
19812	1
19813	1
19814	0
19815	0
19816	0
19817	0
19818	0
19819	0
19820	0
19821	0
19822	0
19823	0
19824	0
19825	0
19826	0
19827	0
19828	0
19829	0
19830	0
19831	0
19832	0
19833	0
19834	0
19835	0
19836	0
19837	0
19838	4
19839	0
19840	0
19841	0
19842	0
19843	0
19844	0
19845	0
