5383	0
5384	0
5385	0
5386	0
5387	7
5388	0
5389	0
5390	0
5391	0
5392	0
5393	0
5394	0
5395	0
5396	0
5397	0
5398	12
5399	0
5400	0
5401	0
5402	7
5403	0
5404	4
5405	0
5406	1
5407	0
5408	0
5409	0
5410	0
5411	0
5412	0
5413	0
5414	7
5415	1
5416	0
5417	1
5418	0
5419	0
5420	0
5421	0
5422	1
5423	0
5424	1
5425	10
5426	1
5427	0
5428	0
5429	1
5430	0
5431	0
5432	69
5433	21
5434	0
5435	0
5436	0
5437	0
5438	0
5439	0
5440	0
5441	0
5442	0
5443	1
5444	0
5445	0
5446	0
5447	0
5448	7
5449	7
5450	7
5451	1
5452	0
5453	0
5454	7
5455	0
5456	0
5457	0
5458	0
5459	0
5460	0
5461	0
5462	13
5463	0
5464	0
5465	0
5466	0
5467	0
5468	0
5469	0
5470	0
5471	0
5472	0
5473	0
5474	0
5475	1
5476	13
5477	0
5478	0
5479	0
5480	0
5481	0
5482	0
5483	0
5484	0
5485	0
5486	0
5487	1
5488	0
5489	0
5490	0
5491	0
5492	0
5493	0
5494	9
5495	0
5496	0
5497	0
5498	0
5499	0
5500	1
5501	0
5502	0
5503	0
5504	0
5505	0
5506	0
5507	0
5508	0
5509	0
5510	0
5511	5
5512	0
5513	4
5514	0
5515	0
5516	0
5517	0
5518	0
5519	1
5520	10
5521	49
5522	0
5523	0
5524	0
5525	0
5526	67
5527	44
5528	0
5529	0
5530	0
5531	1
5532	0
5533	0
5534	0
5535	0
5536	0
5537	0
5538	0
5539	0
5540	0
5541	0
5542	0
5543	0
5544	21
5545	7
5546	0
5547	0
5548	0
5549	0
5550	0
5551	0
5552	0
5553	0
5554	12
5555	7
5556	0
5557	0
5558	0
5559	0
5560	0
5561	0
5562	0
5563	0
5564	41
5565	0
5566	0
5567	0
5568	1
5569	3
5570	0
5571	2
5572	0
5573	0
5574	1
5575	0
5576	0
5577	0
5578	0
5579	4
5580	0
5581	0
5582	24
5583	0
5584	0
5585	0
5586	0
5587	0
5588	0
5589	1
5590	0
5591	0
5592	0
5593	1
5594	0
5595	0
5596	0
5597	0
5598	0
5599	0
5600	0
5601	0
5602	0
5603	19
5604	0
5605	2
5606	0
5607	1
5608	4
5609	0
5610	52
5611	0
5612	10
5613	0
5614	0
5615	0
5616	0
5617	0
5618	0
5619	0
5620	0
5621	0
5622	0
5623	0
5624	0
5625	5
5626	1
5627	0
5628	0
5629	0
5630	8
5631	57
5632	0
5633	0
5634	0
5635	0
5636	0
5637	0
5638	17
5639	62
5640	0
5641	0
5642	0
5643	0
5644	0
5645	0
5646	3
5647	0
5648	0
5649	0
5650	0
5651	5
5652	0
5653	0
5654	0
5655	0
5656	0
5657	0
5658	0
5659	0
5660	0
5661	0
5662	0
5663	7
5664	0
5665	0
5666	2
5667	0
5668	2
5669	0
5670	0
5671	0
5672	0
5673	0
5674	1
5675	0
5676	0
5677	0
5678	8
5679	0
5680	0
5681	0
5682	0
5683	0
5684	0
5685	1
5686	0
5687	0
5688	0
5689	2
5690	0
5691	0
5692	17
5693	0
5694	1
5695	0
5696	0
5697	0
5698	10
5699	0
5700	0
5701	0
5702	0
5703	1
5704	4
5705	0
5706	0
5707	0
5708	0
5709	0
5710	1
5711	0
5712	0
5713	0
5714	10
5715	0
5716	0
5717	0
5718	0
5719	0
5720	0
5721	0
5722	7
5723	0
5724	0
5725	0
5726	2
5727	0
5728	0
5729	0
5730	0
5731	0
5732	2
5733	0
5734	0
5735	0
5736	22
5737	0
5738	0
5739	0
5740	0
5741	0
5742	0
5743	0
5744	0
5745	0
5746	0
5747	0
5748	0
5749	2
5750	4
5751	0
5752	0
5753	0
5754	0
5755	0
5756	0
5757	0
5758	6
5759	0
5760	23
5761	50
5762	0
5763	0
5764	0
5765	0
5766	0
5767	0
5768	0
5769	0
5770	0
5771	0
5772	2
5773	0
5774	0
5775	0
5776	0
5777	0
5778	0
5779	0
5780	0
5781	2
5782	0
5783	0
5784	0
5785	0
5786	0
5787	0
5788	11
5789	0
5790	0
5791	0
5792	3
5793	0
5794	0
5795	0
5796	0
5797	0
5798	6
5799	0
5800	0
5801	0
5802	0
5803	0
5804	0
5805	0
5806	0
5807	3
5808	65
5809	7
5810	0
5811	0
5812	0
5813	0
5814	2
5815	1
5816	0
5817	0
5818	0
5819	0
5820	0
5821	0
5822	0
5823	0
5824	0
5825	0
5826	0
5827	1
5828	0
5829	0
5830	0
5831	0
5832	0
5833	0
5834	0
5835	0
5836	0
5837	0
5838	0
5839	0
5840	0
5841	0
5842	0
5843	13
5844	1
5845	0
5846	0
5847	0
5848	0
5849	0
5850	0
5851	0
5852	0
5853	1
5854	2
5855	0
5856	0
5857	0
5858	0
5859	0
5860	0
5861	0
5862	0
5863	0
5864	0
5865	0
5866	0
5867	0
5868	0
5869	0
5870	0
5871	0
5872	0
5873	0
5874	0
5875	1
5876	0
5877	4
5878	36
5879	2
5880	0
5881	0
5882	0
5883	1
5884	40
5885	0
5886	0
5887	1
5888	2
5889	0
5890	0
5891	0
5892	7
5893	0
5894	1
5895	0
5896	0
5897	0
5898	0
5899	0
5900	0
5901	0
5902	0
5903	0
5904	0
5905	0
5906	0
5907	0
5908	0
5909	0
5910	0
5911	0
5912	16
5913	0
5914	0
5915	0
5916	0
5917	5
5918	10
5919	0
5920	0
5921	0
5922	0
5923	0
5924	0
5925	0
5926	0
5927	0
5928	0
5929	0
5930	1
5931	0
5932	0
5933	2
5934	0
5935	4
5936	0
5937	0
5938	0
5939	0
5940	0
5941	3
5942	1
5943	0
5944	0
5945	0
5946	0
5947	0
5948	7
5949	0
5950	0
5951	0
5952	3
5953	17
5954	0
5955	0
5956	0
5957	0
5958	0
5959	0
5960	0
5961	0
5962	11
5963	10
5964	34
5965	1
5966	55
5967	0
5968	3
5969	4
5970	0
5971	0
5972	7
5973	28
5974	0
5975	1
5976	0
5977	0
5978	49
5979	0
5980	0
5981	0
5982	0
5983	0
5984	0
5985	2
5986	1
5987	0
5988	0
5989	0
5990	0
5991	0
5992	0
5993	0
5994	0
5995	0
5996	10
5997	0
5998	0
5999	0
6000	0
6001	2
6002	0
6003	33
6004	0
6005	0
6006	0
6007	4
6008	0
6009	0
6010	0
6011	0
6012	0
6013	0
6014	0
6015	2
6016	0
6017	0
6018	0
6019	2
6020	3
6021	1
6022	0
6023	0
6024	0
6025	0
6026	0
6027	0
6028	0
6029	0
6030	0
6031	0
6032	0
6033	0
6034	0
6035	39
6036	0
6037	1
6038	0
6039	1
6040	0
6041	1
6042	0
6043	3
6044	0
6045	0
6046	0
6047	0
6048	0
6049	0
6050	0
6051	0
6052	1
6053	0
6054	10
6055	0
6056	0
6057	17
6058	7
6059	0
6060	0
6061	0
6062	0
6063	0
6064	0
6065	0
6066	10
6067	8
6068	0
6069	0
6070	5
6071	0
6072	0
6073	1
6074	0
6075	0
6076	0
6077	2
6078	12
6079	12
6080	2
6081	2
6082	2
6083	0
6084	2
6085	0
6086	0
6087	0
6088	0
6089	0
6090	0
6091	0
6092	4
6093	0
6094	0
6095	0
6096	0
6097	0
6098	0
6099	0
6100	0
6101	0
6102	0
6103	0
6104	0
6105	0
6106	0
6107	0
6108	0
6109	0
6110	0
6111	0
6112	5
6113	14
6114	0
6115	0
6116	0
6117	0
6118	0
6119	0
6120	131
6121	0
6122	0
6123	0
6124	0
6125	0
6126	0
6127	0
6128	1
6129	0
6130	2
6131	0
6132	5
6133	0
6134	0
6135	0
6136	0
6137	0
6138	7
6139	0
6140	0
6141	0
6142	0
6143	0
6144	7
6145	0
6146	1
6147	0
6148	0
6149	0
6150	0
6151	0
6152	0
6153	0
6154	0
6155	0
6156	0
6157	0
6158	0
6159	0
6160	2
6161	0
6162	8
6163	0
6164	0
6165	0
6166	0
6167	0
6168	0
6169	0
6170	0
6171	0
6172	0
6173	1
6174	0
6175	7
6176	0
6177	0
6178	0
6179	0
6180	12
6181	0
6182	7
6183	0
6184	0
6185	7
6186	0
6187	0
6188	0
6189	0
6190	0
6191	0
6192	0
6193	0
6194	0
6195	0
6196	0
6197	1
6198	0
6199	0
6200	0
6201	7
6202	0
6203	16
6204	0
6205	0
6206	0
6207	0
6208	0
6209	0
6210	0
6211	0
6212	0
6213	15
6214	10
6215	28
6216	4
6217	0
6218	0
6219	0
6220	0
6221	0
6222	0
6223	0
6224	0
6225	0
6226	0
6227	2
6228	0
6229	0
6230	0
6231	0
6232	0
6233	0
6234	0
6235	0
6236	0
6237	1
6238	4
6239	0
6240	0
6241	0
6242	0
6243	0
6244	0
6245	1
6246	0
6247	5
6248	1
6249	9
6250	1
6251	0
6252	0
6253	0
6254	0
6255	0
6256	2
6257	0
6258	0
6259	1
6260	1
6261	0
6262	0
6263	0
6264	0
6265	1
6266	0
6267	0
6268	10
6269	7
6270	0
6271	0
6272	0
6273	2
6274	0
6275	0
6276	0
6277	0
6278	1
6279	0
6280	0
6281	0
6282	1
6283	0
6284	0
6285	0
6286	0
6287	0
6288	0
6289	0
6290	0
6291	0
6292	0
6293	0
6294	0
6295	0
6296	0
6297	0
6298	0
6299	0
6300	0
6301	0
6302	0
6303	0
6304	0
6305	0
6306	4
6307	0
6308	4
6309	1
6310	0
6311	0
6312	0
6313	11
6314	0
6315	0
6316	0
6317	0
6318	0
6319	0
6320	2
6321	12
6322	0
6323	0
6324	0
6325	0
6326	0
6327	2
6328	0
6329	1
6330	0
6331	4
6332	1
6333	1
6334	0
6335	0
6336	0
6337	0
6338	0
6339	0
6340	0
6341	1
6342	0
6343	0
6344	4
6345	0
6346	48
6347	0
6348	0
6349	0
6350	0
6351	0
6352	0
6353	0
6354	17
6355	0
6356	0
6357	7
6358	0
6359	1
6360	0
6361	0
6362	0
6363	0
6364	3
6365	37
6366	0
6367	0
6368	0
6369	10
6370	1
6371	0
6372	3
6373	0
6374	0
6375	1
6376	0
6377	1
6378	0
6379	0
6380	0
6381	17
6382	0
6383	0
6384	2
6385	0
6386	0
6387	0
6388	0
6389	0
6390	0
6391	1
6392	0
6393	0
6394	0
6395	1
6396	15
6397	0
6398	1
6399	0
6400	0
6401	3
6402	0
6403	0
6404	0
6405	0
6406	0
6407	2
6408	0
6409	0
6410	0
6411	0
6412	0
6413	0
6414	0
6415	0
6416	0
6417	0
6418	0
6419	0
6420	0
6421	5
6422	0
6423	0
6424	0
6425	43
6426	0
6427	0
6428	0
6429	0
6430	0
6431	2
6432	1
6433	7
6434	0
6435	0
6436	0
6437	0
6438	7
6439	0
6440	0
6441	0
6442	0
6443	0
6444	0
6445	0
6446	0
6447	0
6448	0
6449	1
6450	0
6451	0
6452	2
6453	0
6454	0
6455	2
6456	86
6457	0
6458	0
6459	0
6460	0
6461	3
6462	4
6463	0
6464	0
6465	0
6466	0
6467	0
6468	0
6469	23
6470	0
6471	10
6472	0
6473	0
6474	10
6475	20
6476	0
6477	0
6478	0
6479	0
6480	1
6481	0
6482	0
6483	0
6484	7
6485	0
6486	0
6487	0
6488	0
6489	0
6490	0
6491	0
6492	0
6493	0
6494	0
6495	1
6496	0
6497	2
6498	0
6499	0
6500	0
6501	10
6502	0
6503	0
6504	0
6505	0
6506	0
6507	0
6508	0
6509	12
6510	2
6511	0
6512	0
6513	0
6514	0
6515	73
6516	1
6517	1
6518	0
6519	0
6520	0
6521	0
6522	0
6523	0
6524	0
6525	0
6526	0
6527	0
6528	0
