55022	0
55023	0
55024	0
55025	0
55026	0
55027	0
55028	0
55029	0
55030	0
55031	0
55032	0
55033	0
55034	0
55035	7
55036	0
55037	0
55038	0
55039	0
55040	0
55041	51
55042	0
55043	0
55044	0
55045	0
55046	0
55047	1
55048	2
55049	0
55050	0
55051	67
55052	16
55053	0
55054	71
55055	0
55056	0
55057	0
55058	0
55059	0
55060	0
55061	0
55062	0
55063	0
55064	0
55065	0
55066	0
55067	0
55068	0
55069	4
55070	0
55071	0
55072	0
55073	0
55074	0
55075	4
55076	0
55077	0
55078	2
55079	0
55080	0
55081	0
55082	0
55083	2
55084	0
55085	0
55086	0
55087	0
55088	2
55089	0
55090	1
55091	0
55092	0
55093	0
55094	0
55095	0
55096	0
55097	0
55098	0
55099	2
55100	0
55101	1
55102	0
55103	0
55104	0
55105	0
55106	2
55107	0
55108	0
55109	0
55110	0
55111	0
55112	0
55113	0
55114	0
55115	0
55116	1
55117	0
55118	0
55119	4
55120	0
55121	0
55122	0
55123	0
55124	0
55125	0
55126	2
55127	0
55128	0
55129	0
55130	48
55131	0
55132	0
55133	57
55134	0
55135	0
55136	0
55137	0
55138	0
55139	0
55140	0
55141	8
55142	0
55143	1
55144	28
55145	7
55146	16
55147	65
55148	52
55149	13
55150	0
55151	0
55152	1
55153	0
55154	0
55155	7
55156	7
55157	0
55158	0
55159	0
55160	0
55161	12
55162	0
55163	0
55164	0
55165	0
55166	0
55167	0
55168	0
55169	0
55170	0
55171	0
55172	0
55173	1
55174	0
55175	0
55176	0
55177	0
55178	0
55179	2
55180	1
55181	0
55182	0
55183	0
55184	0
55185	0
55186	0
55187	0
55188	0
55189	0
55190	0
55191	0
55192	0
55193	0
55194	0
55195	1
55196	0
55197	0
55198	1
55199	0
55200	0
55201	0
55202	0
55203	0
55204	0
55205	0
55206	0
55207	1
55208	0
55209	7
55210	7
55211	4
55212	1
55213	0
55214	7
55215	0
55216	0
55217	0
55218	7
55219	0
55220	0
55221	0
55222	0
55223	0
55224	0
55225	12
55226	2
55227	0
55228	0
55229	0
55230	0
55231	0
55232	10
55233	0
55234	29
55235	0
55236	0
55237	0
55238	0
55239	0
55240	2
55241	2
55242	0
55243	0
55244	1
55245	0
55246	0
55247	1
55248	114
55249	27
55250	60
55251	10
55252	33
55253	4
55254	1
55255	3
55256	4
55257	2
55258	0
55259	0
55260	0
55261	0
55262	0
55263	0
55264	0
55265	0
55266	2
55267	0
55268	0
55269	4
55270	0
55271	0
55272	0
55273	0
55274	0
55275	0
55276	0
55277	1
55278	0
55279	0
55280	0
55281	0
55282	0
55283	0
55284	0
55285	0
55286	0
55287	4
55288	0
55289	7
55290	5
55291	26
55292	0
55293	6
55294	2
55295	0
55296	1
55297	0
55298	0
55299	0
55300	3
55301	1
55302	0
55303	2
55304	0
55305	0
55306	1
55307	0
55308	0
55309	1
55310	31
55311	0
55312	0
55313	0
55314	0
55315	0
55316	0
55317	7
55318	1
55319	0
55320	0
55321	0
55322	0
55323	0
55324	0
55325	0
55326	0
55327	0
55328	4
55329	0
55330	0
55331	12
55332	2
55333	0
55334	0
55335	0
55336	0
55337	0
55338	0
55339	1
55340	0
55341	0
55342	1
55343	0
55344	0
55345	0
55346	0
55347	0
55348	0
55349	0
55350	0
55351	0
55352	0
55353	0
55354	0
55355	0
55356	1
55357	1
55358	1
55359	0
55360	0
55361	0
55362	0
55363	0
55364	0
55365	0
55366	1
55367	0
55368	12
55369	0
55370	0
55371	4
55372	0
55373	0
55374	0
55375	0
55376	0
55377	0
55378	0
55379	0
55380	0
55381	0
55382	0
55383	0
55384	0
55385	0
55386	1
55387	0
55388	0
55389	0
55390	0
55391	1
55392	0
55393	0
55394	0
55395	0
55396	1
55397	0
55398	0
55399	1
55400	0
55401	31
55402	0
55403	0
55404	0
55405	0
55406	0
55407	0
55408	0
55409	0
55410	0
55411	0
55412	2
55413	0
55414	1
55415	0
55416	0
55417	0
55418	0
55419	25
55420	2
55421	19
55422	2
55423	0
55424	0
55425	0
55426	0
55427	0
55428	1
55429	0
55430	0
55431	0
55432	0
55433	0
55434	0
55435	0
55436	1
55437	1
55438	7
55439	1
55440	0
55441	0
55442	0
55443	0
55444	0
55445	0
55446	1
55447	0
55448	0
55449	0
55450	0
55451	6
55452	0
55453	1
55454	0
55455	0
55456	4
55457	0
55458	0
55459	1
55460	4
55461	0
55462	0
55463	0
55464	0
55465	0
55466	0
55467	0
55468	1
55469	0
55470	0
55471	1
55472	7
55473	7
55474	0
55475	1
55476	0
55477	0
55478	0
55479	12
55480	0
55481	0
55482	0
55483	0
55484	0
55485	0
55486	0
55487	1
55488	0
55489	0
55490	0
55491	0
55492	0
55493	0
55494	0
55495	0
55496	0
55497	0
55498	0
55499	0
55500	0
55501	0
55502	1
55503	7
55504	0
55505	0
55506	1
55507	0
55508	0
55509	0
55510	0
55511	0
55512	2
55513	7
55514	1
55515	0
55516	1
55517	1
55518	0
55519	0
55520	2
55521	0
55522	0
55523	0
55524	0
55525	0
55526	0
55527	7
55528	0
55529	0
55530	0
55531	0
55532	5
55533	27
55534	12
55535	1
55536	0
55537	0
55538	0
55539	0
55540	4
55541	4
55542	4
55543	1
55544	1
55545	0
55546	0
55547	0
55548	2
55549	13
55550	0
55551	0
55552	1
55553	0
55554	0
55555	0
55556	4
55557	0
55558	0
55559	0
55560	0
55561	1
55562	1
55563	0
55564	0
55565	0
55566	0
55567	4
55568	0
55569	0
55570	1
55571	3
55572	0
55573	0
55574	0
55575	0
55576	0
55577	0
55578	0
55579	90
55580	1
55581	0
55582	0
55583	0
55584	0
55585	0
55586	0
55587	0
55588	0
55589	0
55590	0
55591	0
55592	0
55593	0
55594	1
55595	0
55596	0
55597	0
55598	1
55599	0
55600	0
55601	1
55602	2
55603	2
55604	0
55605	0
55606	0
55607	0
55608	0
55609	0
55610	0
55611	10
55612	7
55613	0
55614	0
55615	0
55616	0
55617	0
55618	0
55619	0
55620	0
55621	0
55622	0
55623	0
55624	0
55625	1
55626	0
55627	2
55628	0
55629	0
55630	1
55631	0
55632	0
55633	0
55634	0
55635	0
55636	0
55637	0
55638	28
55639	0
55640	0
55641	0
55642	13
55643	67
55644	2
55645	2
55646	0
55647	0
55648	0
55649	0
55650	0
55651	0
55652	0
55653	2
55654	2
55655	0
55656	0
55657	0
55658	0
55659	2
55660	0
55661	0
55662	0
55663	2
55664	0
55665	4
55666	0
55667	4
55668	4
55669	4
55670	4
55671	1
55672	0
55673	0
55674	0
55675	0
55676	0
55677	0
55678	0
55679	0
55680	0
55681	0
55682	7
55683	0
55684	0
55685	2
55686	0
55687	7
55688	0
55689	0
55690	0
55691	0
55692	1
55693	0
55694	0
55695	0
55696	0
55697	0
55698	0
55699	1
55700	0
55701	0
55702	0
55703	1
55704	0
55705	7
55706	0
55707	0
55708	2
55709	0
55710	4
55711	1
55712	0
55713	0
55714	0
55715	0
55716	0
55717	4
55718	0
55719	0
55720	0
55721	0
55722	0
55723	0
55724	0
55725	0
55726	0
55727	0
55728	7
55729	0
55730	4
55731	0
55732	0
55733	4
55734	0
55735	7
55736	0
55737	0
55738	0
55739	0
55740	0
55741	7
55742	0
55743	0
55744	0
55745	0
55746	0
55747	0
55748	0
55749	0
55750	4
55751	1
55752	0
55753	0
55754	0
55755	7
55756	12
55757	5
55758	0
55759	0
55760	0
55761	0
55762	0
55763	1
55764	0
55765	0
55766	0
55767	1
55768	0
55769	0
55770	0
55771	0
55772	1
55773	4
55774	0
55775	7
55776	0
55777	7
55778	0
55779	0
55780	0
55781	0
55782	0
55783	0
55784	0
55785	0
55786	0
55787	3
55788	19
55789	0
55790	0
55791	0
55792	0
55793	0
55794	0
55795	4
55796	10
55797	1
55798	4
55799	40
55800	0
55801	0
55802	0
55803	0
55804	0
55805	0
55806	0
55807	0
55808	0
55809	0
55810	0
55811	0
55812	7
55813	0
55814	0
55815	0
55816	0
55817	12
55818	1
55819	0
55820	0
55821	0
55822	0
55823	0
55824	0
55825	0
55826	0
55827	1
55828	1
55829	1
55830	1
55831	0
55832	2
55833	0
55834	0
55835	0
55836	0
55837	1
55838	12
55839	2
55840	0
55841	2
55842	0
55843	0
55844	0
55845	12
55846	7
55847	0
55848	0
55849	0
55850	0
55851	0
55852	2
55853	0
55854	0
55855	0
55856	0
55857	4
55858	0
55859	2
55860	0
55861	0
55862	0
55863	0
55864	2
55865	0
55866	4
55867	0
55868	2
55869	0
55870	0
55871	0
55872	0
55873	0
55874	0
55875	0
55876	0
55877	0
55878	7
55879	0
55880	0
55881	4
55882	0
55883	0
55884	0
55885	0
55886	0
55887	0
55888	22
55889	41
55890	4
55891	0
55892	0
55893	0
55894	0
55895	6
55896	0
55897	0
55898	1
55899	0
55900	0
55901	0
55902	0
55903	0
55904	0
55905	0
55906	0
55907	4
55908	0
55909	0
55910	2
55911	0
55912	0
55913	1
55914	0
55915	0
55916	0
55917	0
55918	0
55919	0
55920	0
55921	0
55922	0
55923	7
55924	0
55925	0
55926	0
55927	7
55928	0
55929	0
55930	0
55931	0
55932	0
55933	0
55934	1
55935	0
55936	1
55937	0
55938	0
55939	0
55940	1
55941	0
55942	0
55943	0
55944	1
55945	0
55946	0
55947	0
55948	0
55949	0
55950	0
55951	3
55952	2
55953	0
55954	0
55955	0
55956	0
55957	1
55958	0
55959	0
55960	0
55961	0
55962	0
55963	1
55964	0
55965	2
55966	5
55967	0
55968	26
55969	2
55970	0
55971	0
55972	0
55973	2
55974	0
55975	1
55976	0
55977	16
55978	0
55979	1
55980	0
55981	0
55982	0
55983	0
55984	0
55985	0
55986	0
55987	0
55988	2
55989	0
55990	0
55991	0
55992	4
55993	1
55994	2
55995	0
55996	0
55997	2
55998	0
55999	0
56000	0
56001	7
56002	0
56003	0
56004	0
56005	1
56006	0
56007	0
56008	0
56009	1
56010	0
56011	0
56012	0
56013	0
56014	0
56015	0
56016	0
56017	0
56018	0
56019	0
56020	0
56021	0
56022	0
56023	0
56024	0
56025	0
56026	0
56027	0
56028	4
56029	4
56030	0
56031	0
56032	0
56033	0
56034	3
56035	0
56036	1
56037	0
56038	0
56039	0
56040	0
56041	7
56042	1
56043	0
56044	0
56045	0
56046	0
56047	1
56048	0
56049	0
56050	0
56051	0
56052	0
56053	0
56054	0
56055	0
56056	0
56057	0
56058	0
56059	0
56060	0
56061	1
56062	16
56063	0
56064	0
56065	0
56066	0
56067	0
56068	0
56069	0
56070	0
56071	0
56072	0
56073	0
56074	1
56075	0
56076	0
56077	0
56078	2
56079	2
56080	1
56081	0
56082	0
56083	0
56084	0
56085	66
56086	1
56087	0
56088	0
56089	8
56090	4
56091	0
56092	0
56093	0
56094	0
56095	0
56096	0
56097	0
56098	7
56099	0
56100	1
56101	0
56102	0
56103	0
56104	4
56105	0
56106	0
56107	0
56108	0
56109	1
56110	1
56111	0
56112	0
56113	0
56114	0
56115	0
56116	0
56117	1
56118	0
56119	0
56120	0
56121	1
56122	0
56123	0
56124	0
56125	0
56126	7
56127	1
56128	7
56129	3
56130	17
56131	0
56132	0
56133	1
56134	0
56135	1
56136	1
56137	0
56138	0
56139	0
56140	0
56141	0
56142	0
56143	0
56144	0
56145	0
56146	0
56147	0
56148	7
56149	0
56150	0
56151	0
56152	3
56153	0
56154	0
56155	4
56156	0
56157	0
56158	0
56159	0
56160	0
56161	0
56162	0
56163	0
56164	3
56165	1
56166	8
56167	20
56168	0
56169	2
56170	0
56171	0
56172	0
56173	1
56174	0
56175	2
56176	4
56177	4
56178	1
56179	2
56180	1
56181	0
56182	0
56183	17
56184	7
56185	0
56186	2
56187	0
56188	0
56189	0
56190	0
56191	0
56192	0
56193	0
56194	1
56195	1
56196	2
56197	1
56198	0
56199	0
56200	0
56201	1
56202	0
56203	1
56204	19
56205	0
56206	0
56207	0
56208	0
56209	0
56210	1
56211	0
56212	1
56213	4
56214	0
56215	0
56216	0
56217	0
56218	2
56219	3
56220	0
56221	1
56222	0
56223	0
56224	1
56225	6
56226	2
56227	0
56228	0
56229	26
56230	0
56231	67
56232	0
56233	0
56234	0
56235	0
56236	1
56237	0
56238	0
56239	0
56240	0
56241	0
56242	0
56243	1
56244	0
56245	0
56246	0
56247	0
56248	2
56249	0
56250	0
56251	0
56252	0
56253	0
56254	4
56255	0
56256	13
56257	1
56258	35
56259	0
56260	0
56261	0
56262	0
56263	0
56264	0
56265	12
56266	2
56267	0
56268	3
56269	12
56270	0
56271	0
56272	0
56273	2
56274	1
56275	0
56276	0
56277	0
56278	0
56279	0
56280	1
56281	0
56282	0
56283	0
56284	2
56285	0
56286	4
56287	0
56288	0
56289	0
56290	0
56291	0
56292	0
56293	0
56294	0
56295	0
56296	0
56297	3
56298	0
56299	1
56300	0
56301	1
56302	0
56303	0
56304	0
56305	4
56306	0
56307	0
56308	0
56309	0
56310	1
56311	0
56312	0
56313	0
56314	1
56315	0
56316	0
56317	0
56318	1
56319	0
56320	0
56321	1
56322	7
56323	7
56324	4
56325	0
56326	0
56327	2
56328	0
56329	0
56330	0
56331	0
56332	0
56333	0
56334	1
56335	10
56336	0
56337	0
56338	0
56339	0
56340	0
56341	4
56342	0
56343	1
56344	0
56345	0
56346	0
56347	0
56348	0
56349	1
56350	0
56351	0
56352	0
56353	0
56354	0
56355	0
56356	0
56357	0
56358	0
56359	0
56360	13
56361	4
56362	2
56363	0
56364	0
56365	0
56366	0
56367	0
56368	0
56369	0
56370	0
56371	1
56372	0
56373	1
56374	0
56375	4
56376	0
56377	0
56378	12
56379	1
56380	1
56381	0
56382	0
56383	0
56384	0
56385	0
56386	0
56387	33
56388	0
56389	11
56390	54
56391	13
56392	0
56393	7
56394	0
56395	1
56396	1
56397	2
56398	0
56399	14
56400	7
56401	0
56402	0
56403	0
56404	0
56405	0
56406	4
56407	2
56408	1
56409	0
56410	0
56411	0
56412	0
56413	0
56414	0
56415	6
56416	22
56417	3
56418	0
56419	0
56420	0
56421	7
56422	0
56423	0
56424	0
56425	0
56426	0
56427	0
56428	0
56429	1
56430	0
56431	0
56432	0
56433	0
56434	0
56435	0
56436	0
56437	0
56438	0
56439	1
56440	97
56441	0
56442	0
56443	1
56444	1
56445	0
56446	1
56447	0
56448	0
56449	0
56450	1
56451	0
56452	0
56453	0
56454	26
56455	0
56456	0
56457	1
56458	0
56459	0
56460	0
56461	0
56462	0
56463	1
56464	7
56465	0
56466	4
56467	0
56468	0
56469	0
56470	0
56471	7
56472	1
56473	10
56474	7
56475	10
56476	0
56477	0
56478	0
56479	1
56480	0
56481	0
56482	5
56483	0
56484	1
56485	0
56486	0
56487	0
56488	0
56489	0
56490	0
56491	0
56492	0
56493	0
56494	3
56495	1
56496	16
56497	0
56498	0
56499	2
56500	7
56501	1
56502	0
56503	0
56504	0
56505	1
56506	0
56507	0
56508	2
56509	1
56510	0
56511	0
56512	2
56513	0
56514	0
56515	4
56516	0
56517	1
56518	0
56519	10
56520	0
56521	11
56522	0
56523	0
56524	2
56525	0
56526	0
56527	2
56528	0
56529	0
56530	0
56531	0
56532	1
56533	4
56534	0
56535	1
56536	0
56537	0
56538	0
56539	0
56540	0
56541	38
56542	0
56543	0
56544	0
56545	0
56546	0
56547	7
56548	0
56549	0
56550	0
56551	0
56552	11
56553	1
56554	10
56555	6
56556	14
56557	0
56558	1
56559	0
56560	0
56561	0
56562	0
56563	0
56564	0
56565	0
56566	0
56567	4
56568	0
56569	0
56570	1
56571	1
56572	0
56573	0
56574	0
56575	0
56576	0
56577	0
56578	0
56579	0
56580	1
56581	0
56582	0
56583	0
56584	0
56585	15
56586	1
56587	0
56588	0
56589	0
56590	4
56591	0
56592	0
56593	0
56594	0
56595	0
56596	0
56597	0
56598	0
56599	0
56600	0
56601	0
56602	18
56603	0
56604	0
56605	30
56606	56
56607	0
56608	0
56609	1
56610	7
56611	0
56612	7
56613	0
56614	4
56615	4
56616	0
56617	0
56618	1
56619	0
56620	7
56621	0
56622	0
56623	0
56624	0
56625	0
56626	0
56627	1
56628	3
56629	0
56630	0
56631	0
56632	0
56633	0
56634	0
56635	1
56636	1
56637	0
56638	1
56639	0
56640	0
56641	0
56642	0
56643	1
56644	0
56645	0
56646	0
56647	1
56648	0
56649	4
56650	1
56651	0
56652	1
56653	1
56654	0
56655	0
56656	0
56657	4
56658	0
56659	0
56660	0
56661	0
56662	2
56663	7
56664	0
56665	0
56666	0
56667	7
56668	0
56669	0
56670	0
56671	0
56672	4
56673	0
56674	0
56675	0
56676	0
56677	0
56678	1
56679	12
56680	7
56681	0
56682	0
56683	19
56684	33
56685	26
56686	0
56687	0
56688	0
56689	0
56690	0
56691	2
56692	0
56693	0
56694	1
56695	0
56696	0
56697	0
56698	0
56699	0
56700	0
56701	0
56702	0
56703	0
56704	0
56705	0
56706	1
56707	5
56708	7
56709	0
56710	0
56711	0
56712	0
56713	10
56714	0
56715	0
56716	1
56717	1
56718	7
56719	0
56720	0
56721	0
56722	11
56723	3
56724	16
56725	0
56726	0
56727	0
56728	0
56729	0
56730	0
56731	33
56732	0
56733	4
56734	0
56735	5
56736	1
56737	0
56738	0
56739	12
56740	0
56741	0
56742	7
56743	7
56744	0
56745	0
56746	0
56747	0
56748	0
56749	0
56750	0
56751	0
56752	0
56753	1
56754	0
56755	0
56756	0
56757	0
56758	0
56759	0
56760	0
56761	2
56762	0
56763	0
56764	3
56765	0
56766	0
56767	0
56768	4
56769	0
56770	0
56771	0
56772	1
56773	0
56774	0
56775	0
56776	0
56777	1
56778	0
56779	1
56780	0
56781	0
56782	1
56783	0
56784	2
56785	0
56786	0
56787	0
56788	1
56789	0
56790	0
56791	1
56792	0
56793	23
56794	0
56795	1
56796	0
56797	0
56798	0
56799	0
56800	0
56801	0
56802	0
56803	0
56804	0
56805	0
56806	11
56807	0
56808	4
56809	0
56810	0
56811	0
56812	0
56813	0
56814	0
56815	0
56816	0
56817	0
56818	0
56819	23
56820	0
56821	0
56822	0
56823	0
56824	0
56825	0
56826	1
56827	0
56828	0
56829	0
56830	0
56831	0
56832	0
56833	0
56834	0
56835	0
56836	0
56837	0
56838	0
56839	1
56840	2
56841	0
56842	0
56843	1
56844	1
56845	0
56846	0
56847	0
56848	1
56849	0
56850	4
56851	0
56852	0
56853	0
56854	0
56855	0
56856	0
56857	65
56858	0
56859	0
56860	0
56861	0
56862	0
56863	0
56864	0
56865	0
56866	7
56867	0
56868	7
56869	0
56870	0
56871	0
56872	0
56873	0
56874	0
56875	0
56876	4
56877	0
56878	0
56879	4
56880	4
56881	0
56882	0
56883	0
56884	0
56885	0
56886	0
56887	0
56888	0
56889	0
56890	0
56891	0
56892	0
56893	7
56894	0
56895	0
56896	0
56897	0
56898	4
56899	0
56900	0
56901	3
56902	4
56903	10
56904	0
56905	0
56906	0
56907	0
56908	0
56909	0
56910	3
56911	16
56912	0
56913	0
56914	2
56915	0
56916	0
56917	0
56918	0
56919	0
56920	0
56921	0
56922	0
56923	0
56924	4
56925	0
56926	1
56927	0
56928	0
56929	0
56930	7
56931	15
56932	0
56933	0
56934	7
56935	0
56936	0
56937	0
56938	0
56939	0
56940	7
56941	2
56942	0
56943	1
56944	6
56945	0
56946	0
56947	0
56948	19
56949	38
56950	13
56951	0
56952	17
56953	0
56954	0
56955	0
56956	0
56957	0
56958	4
56959	1
56960	0
56961	0
56962	0
56963	0
56964	0
56965	0
56966	0
56967	0
56968	1
56969	0
56970	4
56971	1
56972	4
56973	0
56974	4
56975	0
56976	0
56977	19
56978	0
56979	2
56980	0
56981	0
56982	0
56983	0
56984	0
56985	0
56986	0
56987	0
56988	0
56989	0
56990	0
56991	1
56992	0
56993	0
56994	0
56995	4
56996	0
56997	0
56998	2
56999	3
57000	0
57001	0
57002	0
57003	1
57004	0
57005	1
57006	0
57007	0
57008	0
57009	0
57010	0
57011	0
57012	1
57013	0
57014	0
57015	0
57016	0
57017	0
57018	0
57019	0
57020	0
57021	0
57022	0
57023	1
57024	0
57025	0
57026	0
57027	0
57028	1
57029	0
57030	0
57031	0
57032	0
57033	1
57034	0
57035	0
57036	7
57037	12
57038	7
57039	0
57040	0
57041	0
57042	0
57043	0
57044	7
57045	0
57046	0
57047	1
57048	0
57049	1
57050	63
57051	3
57052	0
57053	0
57054	1
57055	4
57056	0
57057	0
57058	0
57059	0
57060	4
57061	0
57062	0
57063	0
57064	0
57065	0
57066	0
57067	0
57068	0
57069	0
57070	4
57071	7
57072	1
57073	0
57074	7
57075	0
57076	12
57077	0
57078	0
57079	0
57080	0
57081	2
57082	0
57083	0
57084	0
57085	0
57086	0
57087	0
57088	0
57089	0
57090	0
57091	0
57092	0
57093	0
57094	2
57095	16
57096	0
57097	0
57098	0
57099	0
57100	0
57101	0
57102	0
57103	0
57104	0
57105	0
57106	4
57107	0
57108	0
57109	2
57110	0
57111	0
57112	0
57113	0
57114	0
57115	0
57116	34
57117	0
57118	0
57119	0
57120	0
57121	0
57122	0
57123	0
57124	0
57125	1
57126	0
57127	0
57128	0
57129	0
57130	0
57131	0
57132	0
57133	0
57134	0
57135	0
57136	0
57137	0
57138	0
57139	4
57140	0
57141	4
57142	2
57143	0
57144	0
57145	0
57146	0
57147	0
57148	4
57149	44
57150	0
57151	0
57152	0
57153	0
57154	7
57155	7
57156	0
57157	0
57158	5
57159	0
57160	4
57161	0
57162	7
57163	0
57164	0
57165	0
57166	0
57167	0
57168	0
57169	0
57170	0
57171	2
57172	0
57173	0
57174	0
57175	0
57176	0
57177	0
57178	0
57179	39
57180	0
57181	0
57182	0
57183	0
57184	0
57185	0
57186	0
57187	0
57188	2
57189	1
57190	0
57191	0
57192	0
57193	0
57194	0
57195	0
57196	0
57197	4
57198	0
57199	4
57200	0
57201	0
57202	0
57203	0
57204	0
57205	0
57206	0
57207	4
57208	0
57209	0
57210	0
57211	0
57212	0
57213	0
57214	4
57215	0
57216	8
57217	0
57218	2
57219	0
57220	0
57221	0
57222	0
57223	1
57224	0
57225	0
57226	0
57227	1
57228	0
57229	0
57230	4
57231	4
57232	31
57233	0
57234	0
57235	0
57236	7
57237	0
57238	1
57239	0
57240	0
57241	0
