64456	0
64457	37
64458	1
64459	0
64460	0
64461	0
64462	0
64463	0
64464	0
64465	0
64466	0
64467	0
64468	0
64469	0
64470	0
64471	16
64472	0
64473	0
64474	0
64475	0
64476	2
64477	0
64478	0
64479	0
64480	1
64481	2
64482	0
64483	0
64484	0
64485	0
64486	0
64487	4
64488	0
64489	0
64490	0
64491	0
64492	0
64493	0
64494	69
64495	37
64496	0
64497	0
64498	0
64499	0
64500	2
64501	1
64502	0
64503	0
64504	4
64505	0
64506	0
64507	0
64508	0
64509	0
64510	0
64511	0
64512	0
64513	7
64514	0
64515	0
64516	4
64517	1
64518	0
64519	0
64520	0
64521	0
64522	0
64523	0
64524	0
64525	0
64526	0
64527	19
64528	0
64529	0
64530	0
64531	0
64532	0
64533	0
64534	0
64535	0
64536	0
64537	0
64538	0
64539	0
64540	0
64541	0
64542	0
64543	0
64544	0
64545	0
64546	0
64547	0
64548	0
64549	0
64550	1
64551	1
64552	0
64553	0
64554	0
64555	0
64556	1
64557	0
64558	0
64559	0
64560	0
64561	0
64562	0
64563	0
64564	0
64565	10
64566	0
64567	4
64568	0
64569	0
64570	0
64571	0
64572	0
64573	0
64574	1
64575	0
64576	3
64577	4
64578	0
64579	0
64580	0
64581	0
64582	0
64583	4
64584	0
64585	0
64586	0
64587	0
64588	0
64589	0
64590	0
64591	0
64592	0
64593	0
64594	0
64595	11
64596	0
64597	0
64598	0
64599	0
64600	28
64601	7
64602	0
64603	2
64604	4
64605	0
64606	0
64607	0
64608	2
64609	0
64610	0
64611	0
64612	0
64613	1
64614	0
64615	0
64616	0
64617	1
64618	0
64619	0
64620	0
64621	35
64622	28
64623	0
64624	0
64625	0
64626	20
64627	1
64628	0
64629	1
64630	3
64631	0
64632	0
64633	0
64634	0
64635	2
64636	12
64637	0
64638	0
64639	1
64640	0
64641	0
64642	9
64643	0
64644	0
64645	0
64646	0
64647	0
64648	0
64649	0
64650	0
64651	0
64652	0
64653	0
64654	0
64655	0
64656	0
64657	1
64658	0
64659	0
64660	0
64661	0
64662	0
64663	0
64664	0
64665	1
64666	0
64667	0
64668	0
64669	0
64670	0
64671	0
64672	2
64673	0
64674	0
64675	0
64676	0
64677	0
64678	0
64679	0
64680	0
64681	0
64682	0
64683	0
64684	0
64685	0
64686	0
64687	0
64688	0
64689	0
64690	1
64691	7
64692	0
64693	0
64694	0
64695	0
64696	0
64697	0
64698	0
64699	1
64700	0
64701	0
64702	0
64703	0
64704	0
64705	0
64706	0
64707	0
64708	0
64709	2
64710	0
64711	0
64712	0
64713	0
64714	0
64715	0
64716	0
64717	7
64718	5
64719	0
64720	0
64721	0
64722	3
64723	7
64724	0
64725	0
64726	0
64727	0
64728	0
64729	0
64730	0
64731	0
64732	0
64733	0
64734	0
64735	0
64736	0
64737	0
64738	0
64739	0
64740	1
64741	0
64742	0
64743	0
64744	3
64745	0
64746	0
64747	0
64748	0
64749	0
64750	0
64751	0
64752	3
64753	0
64754	0
64755	0
64756	0
64757	0
64758	0
64759	0
64760	0
64761	0
64762	0
64763	1
64764	0
64765	0
64766	6
64767	34
64768	0
64769	0
64770	0
64771	0
64772	0
64773	0
64774	0
64775	0
64776	0
64777	0
64778	0
64779	3
64780	40
64781	53
64782	5
64783	0
64784	0
64785	0
64786	0
64787	1
64788	7
64789	1
64790	0
64791	0
64792	0
64793	1
64794	0
64795	0
64796	0
64797	0
64798	0
64799	0
64800	0
64801	0
64802	0
64803	1
64804	10
64805	22
64806	0
64807	0
64808	7
64809	0
64810	0
64811	0
64812	0
64813	0
64814	0
64815	0
64816	0
64817	0
64818	0
64819	0
64820	1
64821	0
64822	0
64823	0
64824	0
64825	2
64826	12
64827	0
64828	0
64829	0
64830	0
64831	0
64832	0
64833	49
64834	18
64835	29
64836	7
64837	0
64838	0
64839	0
64840	0
64841	0
64842	0
64843	152
64844	0
64845	0
64846	0
64847	0
64848	0
64849	0
64850	4
64851	0
64852	0
64853	15
64854	1
64855	1
64856	0
64857	0
64858	0
64859	0
64860	0
64861	0
64862	34
64863	37
64864	0
64865	0
64866	7
64867	0
64868	0
64869	1
64870	0
64871	0
64872	0
64873	0
64874	0
64875	22
64876	0
64877	7
64878	0
64879	0
64880	0
64881	0
64882	0
64883	0
64884	0
64885	0
64886	0
64887	1
64888	0
64889	0
64890	0
64891	0
64892	0
64893	0
64894	0
64895	0
64896	0
64897	0
64898	7
64899	0
64900	0
64901	0
64902	0
64903	0
64904	0
64905	0
64906	0
64907	0
64908	2
64909	2
64910	0
64911	0
64912	16
64913	1
64914	0
64915	0
64916	0
64917	0
64918	0
64919	0
64920	0
64921	0
64922	1
64923	4
64924	0
64925	0
64926	0
64927	0
64928	0
64929	0
64930	0
64931	0
64932	0
64933	0
64934	0
64935	0
64936	0
64937	0
64938	0
64939	0
64940	0
64941	0
64942	0
64943	0
64944	0
64945	0
64946	0
64947	0
64948	0
64949	0
64950	0
64951	0
64952	0
64953	0
64954	7
64955	0
64956	0
64957	0
64958	0
64959	0
64960	0
64961	7
64962	1
64963	37
64964	0
64965	0
64966	0
64967	0
64968	6
64969	0
64970	0
64971	0
64972	0
64973	0
64974	2
64975	0
64976	0
64977	0
64978	0
64979	0
64980	0
64981	0
64982	0
64983	0
64984	0
64985	5
64986	12
64987	0
64988	0
64989	0
64990	0
64991	0
64992	0
64993	9
64994	0
64995	0
64996	1
64997	11
64998	0
64999	0
65000	0
65001	2
65002	0
65003	0
65004	0
65005	0
65006	0
65007	0
65008	0
65009	0
65010	0
65011	0
65012	0
65013	0
65014	0
65015	0
65016	0
65017	0
65018	0
65019	0
65020	0
65021	0
65022	0
65023	0
65024	0
65025	7
65026	11
65027	12
65028	0
65029	0
65030	0
65031	4
65032	0
65033	0
65034	0
65035	0
65036	0
65037	0
65038	0
65039	0
65040	0
65041	0
65042	1
65043	0
65044	0
65045	0
65046	0
65047	0
65048	0
65049	0
65050	0
65051	0
65052	0
65053	0
65054	0
65055	0
65056	0
65057	0
65058	0
65059	0
65060	0
65061	0
65062	0
65063	0
65064	0
65065	0
65066	2
65067	2
65068	0
65069	19
65070	0
65071	0
65072	0
65073	12
65074	0
65075	0
65076	0
65077	0
65078	13
65079	65
65080	0
65081	0
65082	0
65083	0
65084	0
65085	0
65086	0
65087	0
65088	0
65089	0
65090	0
65091	0
65092	0
65093	0
65094	0
65095	0
65096	0
65097	0
65098	0
65099	1
65100	0
65101	0
65102	0
65103	0
65104	0
65105	0
65106	4
65107	0
65108	0
65109	0
65110	0
65111	0
65112	0
65113	0
65114	4
65115	0
65116	0
65117	0
65118	0
65119	0
65120	0
65121	0
65122	1
65123	0
65124	0
65125	0
65126	0
65127	0
65128	0
65129	0
65130	2
65131	0
65132	0
65133	0
65134	0
65135	0
65136	0
65137	1
65138	0
65139	16
65140	0
65141	0
65142	0
65143	0
65144	0
65145	0
65146	2
65147	0
65148	0
65149	0
65150	0
65151	0
65152	0
65153	0
65154	0
65155	7
65156	0
65157	0
65158	0
65159	4
65160	1
65161	0
65162	1
65163	0
65164	24
65165	3
65166	36
65167	0
65168	1
65169	0
65170	0
65171	0
65172	0
65173	0
65174	0
65175	0
65176	0
65177	0
65178	0
65179	0
65180	0
65181	0
65182	0
65183	0
65184	0
65185	0
65186	0
65187	0
65188	1
65189	0
65190	0
65191	1
65192	0
65193	0
65194	0
65195	1
65196	0
65197	7
65198	0
65199	49
65200	4
65201	0
65202	0
65203	0
65204	0
65205	0
65206	2
65207	9
65208	0
65209	0
65210	0
65211	0
65212	0
65213	0
65214	0
65215	0
65216	0
65217	0
65218	0
65219	0
65220	0
65221	3
65222	0
65223	0
65224	0
65225	0
65226	0
65227	1
65228	0
65229	0
65230	0
65231	0
65232	0
65233	0
65234	0
65235	0
65236	0
65237	0
65238	0
65239	0
65240	3
65241	0
65242	0
65243	0
65244	37
65245	104
65246	1
65247	2
65248	0
65249	0
65250	0
65251	0
65252	0
65253	0
65254	0
65255	2
65256	0
65257	0
65258	0
65259	0
65260	0
65261	0
65262	1
65263	0
65264	0
65265	0
65266	0
65267	0
65268	2
65269	0
65270	0
65271	0
65272	0
65273	0
65274	0
65275	0
65276	0
65277	2
65278	0
65279	0
65280	0
65281	0
65282	3
65283	0
65284	0
65285	0
65286	0
65287	4
65288	0
65289	0
65290	0
65291	0
65292	0
65293	4
65294	0
65295	0
65296	0
65297	0
65298	0
65299	0
65300	0
65301	0
65302	0
65303	0
65304	1
65305	0
65306	0
65307	37
65308	40
65309	0
65310	0
65311	0
65312	0
65313	1
65314	4
65315	1
65316	0
65317	0
65318	4
65319	0
65320	0
65321	0
65322	0
65323	0
65324	0
65325	0
65326	2
65327	0
65328	0
65329	0
65330	0
65331	0
65332	1
65333	20
65334	0
65335	0
65336	0
65337	0
65338	0
65339	13
65340	52
65341	1
65342	0
65343	5
65344	4
65345	4
65346	42
65347	0
65348	0
65349	0
65350	0
65351	0
65352	0
65353	4
65354	0
65355	0
65356	75
65357	0
65358	0
65359	0
65360	0
65361	0
65362	0
65363	0
65364	0
65365	0
65366	0
65367	1
65368	0
65369	0
65370	0
65371	0
65372	0
65373	6
65374	0
65375	0
65376	0
65377	0
65378	0
65379	0
65380	0
65381	0
65382	0
65383	0
65384	0
65385	0
65386	2
65387	90
65388	47
65389	0
65390	0
65391	0
65392	0
65393	0
65394	0
65395	0
65396	6
65397	0
65398	0
65399	0
65400	0
65401	4
65402	0
65403	3
65404	0
65405	0
65406	0
65407	0
65408	88
65409	32
65410	4
65411	0
65412	0
65413	0
65414	0
65415	0
65416	0
65417	0
65418	0
65419	10
65420	0
65421	17
65422	17
65423	0
65424	0
65425	2
65426	4
65427	0
65428	0
65429	0
65430	0
65431	0
65432	0
65433	0
65434	0
65435	0
65436	0
65437	0
65438	0
65439	1
65440	0
65441	1
65442	0
65443	0
65444	0
65445	1
65446	0
65447	0
65448	0
65449	0
65450	3
65451	5
65452	1
65453	1
65454	4
65455	0
65456	4
65457	43
65458	1
65459	0
65460	0
65461	7
65462	10
65463	0
65464	0
65465	0
65466	0
65467	1
65468	0
65469	0
65470	0
65471	0
65472	0
65473	0
65474	0
65475	0
65476	0
65477	0
65478	0
65479	0
65480	0
65481	0
65482	0
65483	0
65484	0
65485	0
65486	0
65487	0
65488	7
65489	0
65490	0
65491	0
65492	0
65493	0
65494	16
65495	0
65496	44
65497	7
65498	7
65499	0
65500	0
65501	0
65502	0
65503	0
65504	0
65505	4
65506	0
65507	0
65508	1
65509	7
65510	0
65511	0
65512	0
65513	0
65514	0
65515	0
65516	0
65517	0
65518	0
65519	0
65520	0
65521	0
65522	44
65523	6
65524	0
65525	0
65526	0
65527	0
65528	0
65529	0
65530	0
65531	0
65532	2
65533	0
65534	0
65535	0
65536	0
65537	0
65538	0
65539	0
65540	0
65541	4
65542	1
65543	0
65544	0
65545	0
65546	0
65547	0
65548	0
65549	0
65550	1
65551	0
65552	0
65553	0
65554	12
65555	0
65556	0
65557	0
65558	0
65559	1
65560	0
65561	0
65562	0
65563	0
65564	0
65565	0
65566	0
65567	0
65568	4
65569	0
65570	0
65571	0
65572	0
65573	0
65574	0
65575	0
65576	0
65577	0
65578	0
65579	0
65580	0
65581	0
65582	0
65583	0
65584	0
65585	0
65586	0
65587	0
65588	1
65589	0
65590	0
65591	0
65592	0
65593	0
65594	0
65595	0
65596	0
65597	0
65598	0
65599	0
65600	0
65601	0
65602	6
65603	0
65604	0
65605	0
65606	4
65607	10
65608	2
65609	0
65610	0
65611	0
65612	0
65613	7
65614	0
65615	0
65616	18
65617	7
65618	0
65619	1
65620	0
65621	34
65622	2
65623	0
65624	1
65625	0
65626	0
65627	0
65628	4
65629	0
65630	0
65631	0
65632	0
65633	0
65634	0
65635	0
65636	0
65637	0
65638	1
65639	0
65640	0
65641	0
65642	2
65643	10
65644	0
65645	0
65646	0
65647	0
65648	0
65649	3
65650	0
65651	0
65652	0
65653	0
65654	32
65655	0
65656	0
65657	0
65658	2
65659	0
65660	0
65661	0
65662	0
65663	0
65664	0
65665	0
65666	0
65667	0
65668	0
65669	0
65670	0
65671	0
65672	0
65673	0
65674	0
65675	0
65676	0
65677	0
65678	0
65679	0
65680	47
65681	0
65682	1
65683	7
65684	7
65685	4
65686	0
65687	1
65688	0
65689	0
65690	0
65691	0
65692	0
65693	0
65694	0
65695	4
65696	7
65697	0
65698	0
65699	0
65700	0
65701	0
65702	4
65703	0
65704	0
65705	0
65706	0
65707	0
65708	0
65709	0
65710	2
65711	0
65712	0
65713	0
65714	0
65715	0
65716	0
65717	0
65718	0
