91085	0
91086	0
91087	0
91088	0
91089	0
91090	0
91091	2
91092	0
91093	0
91094	39
91095	1
91096	2
91097	0
91098	0
91099	0
91100	0
91101	0
91102	0
91103	0
91104	0
91105	0
91106	0
91107	7
91108	0
91109	0
91110	4
91111	0
91112	0
91113	0
91114	0
91115	0
91116	0
91117	0
91118	0
91119	0
91120	0
91121	0
91122	0
91123	0
91124	0
91125	0
91126	0
91127	0
91128	0
91129	0
91130	0
91131	0
91132	2
91133	0
91134	0
91135	0
91136	0
91137	0
91138	2
91139	0
91140	0
91141	0
91142	11
91143	20
91144	0
91145	0
91146	0
91147	0
91148	0
91149	0
91150	14
91151	10
91152	0
91153	0
91154	0
91155	0
91156	1
91157	1
91158	0
91159	1
91160	0
91161	0
91162	0
91163	0
91164	0
91165	0
91166	0
91167	0
91168	0
91169	0
91170	0
91171	0
91172	0
91173	0
91174	0
91175	1
91176	0
91177	0
91178	0
91179	0
91180	4
91181	2
91182	0
91183	4
91184	0
91185	0
91186	4
91187	0
91188	0
91189	7
91190	0
91191	0
91192	0
91193	2
91194	0
91195	0
91196	2
91197	2
91198	0
91199	0
91200	1
91201	0
91202	0
91203	0
91204	0
91205	0
91206	0
91207	0
91208	0
91209	0
91210	0
91211	0
91212	2
91213	7
91214	0
91215	2
91216	0
91217	3
91218	0
91219	0
91220	10
91221	1
91222	0
91223	0
91224	0
91225	0
91226	0
91227	1
91228	0
91229	0
91230	0
91231	0
91232	0
91233	0
91234	0
91235	0
91236	0
91237	0
91238	0
91239	2
91240	0
91241	0
91242	0
91243	0
91244	3
91245	0
91246	0
91247	0
91248	0
91249	0
91250	0
91251	2
91252	8
91253	0
91254	0
91255	0
91256	0
91257	0
91258	0
91259	0
91260	0
91261	0
91262	2
91263	2
91264	17
91265	0
91266	0
91267	0
91268	0
91269	0
91270	0
91271	1
91272	0
91273	0
91274	2
91275	0
91276	0
91277	11
91278	0
91279	0
91280	0
91281	0
91282	0
91283	10
91284	0
91285	0
91286	2
91287	1
91288	0
91289	49
91290	110
91291	0
91292	0
91293	65
91294	1
91295	4
91296	1
91297	4
91298	0
91299	0
91300	0
91301	0
91302	0
91303	1
91304	0
91305	0
91306	0
91307	0
91308	0
91309	0
91310	0
91311	1
91312	0
91313	0
91314	0
91315	0
91316	0
91317	0
91318	0
91319	12
91320	0
91321	0
91322	0
91323	0
91324	0
91325	0
91326	0
91327	0
91328	4
91329	0
91330	0
91331	4
91332	0
91333	1
91334	0
91335	0
91336	0
91337	0
91338	0
91339	1
91340	0
91341	0
91342	0
91343	0
91344	0
91345	0
91346	102
91347	0
91348	0
91349	1
91350	20
91351	16
91352	0
91353	0
91354	0
91355	0
91356	0
91357	0
91358	2
91359	0
91360	3
91361	0
91362	1
91363	10
91364	0
91365	0
91366	0
91367	2
91368	0
91369	0
91370	0
91371	0
91372	1
91373	0
91374	0
91375	0
91376	0
91377	0
91378	0
91379	0
91380	0
91381	0
91382	0
91383	1
91384	0
91385	0
91386	0
91387	0
91388	0
91389	0
91390	2
91391	0
91392	4
91393	0
91394	2
91395	0
91396	0
91397	0
91398	0
91399	0
91400	0
91401	4
91402	24
91403	0
91404	0
91405	28
91406	0
91407	91
91408	0
91409	0
91410	0
91411	0
91412	0
91413	0
91414	4
91415	4
91416	0
91417	0
91418	0
91419	4
91420	0
91421	0
91422	0
91423	0
91424	0
91425	0
91426	0
91427	0
91428	0
91429	7
91430	43
91431	0
91432	0
91433	0
91434	1
91435	0
91436	0
91437	0
91438	0
91439	2
91440	0
91441	0
91442	0
91443	7
91444	4
91445	0
91446	0
91447	0
91448	29
91449	1
91450	7
91451	2
91452	0
91453	0
91454	24
91455	0
91456	0
91457	0
91458	1
91459	0
91460	0
91461	12
91462	0
91463	0
91464	0
91465	0
91466	0
91467	0
91468	2
91469	0
91470	0
91471	0
91472	0
91473	7
91474	4
91475	0
91476	0
91477	0
91478	2
91479	0
91480	0
91481	0
91482	5
91483	0
91484	9
91485	0
91486	0
91487	0
91488	0
91489	0
91490	0
91491	0
91492	0
91493	0
91494	0
91495	0
91496	0
91497	0
91498	0
91499	0
91500	0
91501	0
91502	0
91503	0
91504	0
91505	0
91506	0
91507	4
91508	4
91509	7
91510	10
91511	1
91512	0
91513	0
91514	0
91515	35
91516	1
91517	0
91518	0
91519	0
91520	0
91521	0
91522	0
91523	3
91524	0
91525	2
91526	7
91527	0
91528	0
91529	0
91530	5
91531	0
91532	0
91533	0
91534	10
91535	0
91536	1
91537	0
91538	0
91539	1
91540	0
91541	0
91542	0
91543	0
91544	0
91545	0
91546	0
91547	0
91548	0
91549	0
91550	1
91551	0
91552	4
91553	1
91554	0
91555	0
91556	0
91557	0
91558	0
91559	0
91560	0
91561	0
91562	0
91563	0
91564	0
91565	0
91566	0
91567	0
91568	0
91569	2
91570	2
91571	3
91572	0
91573	0
91574	0
91575	0
91576	0
91577	0
91578	3
91579	0
91580	0
91581	0
91582	2
91583	0
91584	7
91585	0
91586	0
91587	4
91588	0
91589	0
91590	0
91591	0
91592	0
91593	0
91594	0
91595	0
91596	4
91597	0
91598	0
91599	0
91600	0
91601	0
91602	0
91603	0
91604	0
91605	0
91606	2
91607	0
91608	0
91609	0
91610	0
91611	1
91612	0
91613	0
91614	0
91615	2
91616	0
91617	0
91618	0
91619	1
91620	1
91621	0
91622	4
91623	7
91624	1
91625	0
91626	14
91627	62
91628	3
91629	0
91630	0
91631	0
91632	0
91633	0
91634	0
91635	0
91636	0
91637	0
91638	1
91639	0
91640	4
91641	0
91642	0
91643	0
91644	3
91645	0
91646	3
91647	0
91648	0
91649	0
91650	0
91651	0
91652	0
91653	0
91654	0
91655	0
91656	2
91657	0
91658	0
91659	0
91660	0
91661	0
91662	1
91663	0
91664	1
91665	0
91666	0
91667	0
91668	1
91669	0
91670	0
91671	0
91672	0
91673	0
91674	35
91675	53
91676	0
91677	0
91678	0
91679	0
91680	3
91681	0
91682	0
91683	0
91684	0
91685	7
91686	9
91687	0
91688	0
91689	0
91690	0
91691	23
91692	0
91693	0
91694	0
91695	0
91696	0
91697	0
91698	0
91699	0
91700	0
91701	0
91702	0
91703	12
91704	7
91705	0
91706	0
91707	0
91708	0
91709	39
91710	0
91711	0
91712	0
91713	0
91714	0
91715	0
91716	0
91717	1
91718	0
91719	0
91720	0
91721	0
91722	0
91723	0
91724	0
91725	0
91726	0
91727	0
91728	4
91729	0
91730	0
91731	0
91732	28
91733	15
91734	2
91735	0
91736	7
91737	2
91738	0
91739	0
91740	0
91741	0
91742	1
91743	2
91744	1
91745	0
91746	0
91747	3
91748	0
91749	0
91750	0
91751	0
91752	0
91753	0
91754	0
91755	0
91756	0
91757	0
91758	0
91759	0
91760	0
91761	10
91762	0
91763	0
91764	10
91765	0
91766	0
91767	1
91768	2
91769	3
91770	0
91771	1
91772	0
91773	0
91774	0
91775	0
91776	19
91777	4
91778	0
91779	0
91780	0
91781	0
91782	0
91783	0
91784	0
91785	0
91786	0
91787	3
91788	0
91789	0
91790	0
91791	0
91792	0
91793	0
91794	0
91795	0
91796	0
91797	4
91798	0
91799	0
91800	0
91801	0
91802	17
91803	0
91804	10
91805	0
91806	0
91807	0
91808	0
91809	2
91810	0
91811	0
91812	1
91813	3
91814	15
91815	0
91816	0
91817	0
91818	0
91819	0
91820	0
91821	2
91822	0
91823	0
91824	0
91825	0
91826	0
91827	0
91828	0
91829	0
91830	7
91831	0
91832	47
91833	0
91834	0
91835	50
91836	0
91837	0
91838	0
91839	0
91840	0
91841	0
91842	2
91843	17
91844	0
91845	4
91846	0
91847	0
91848	0
91849	0
91850	1
91851	34
91852	0
91853	0
91854	0
91855	0
91856	0
91857	0
91858	0
91859	0
91860	0
91861	0
91862	0
91863	1
91864	0
91865	0
91866	0
91867	0
91868	0
91869	0
91870	0
91871	1
91872	0
91873	0
91874	1
91875	0
91876	2
91877	0
91878	16
91879	12
91880	0
91881	3
91882	3
91883	0
91884	1
91885	4
91886	0
91887	1
91888	7
91889	0
91890	2
91891	0
91892	0
91893	0
91894	0
91895	0
91896	0
91897	0
91898	0
91899	0
91900	0
91901	34
91902	0
91903	0
91904	0
91905	0
91906	0
91907	0
91908	0
91909	0
91910	2
91911	0
91912	0
91913	0
91914	0
91915	0
91916	17
91917	0
91918	0
91919	0
91920	4
91921	1
91922	1
91923	7
91924	0
91925	0
91926	1
91927	2
91928	0
91929	0
91930	0
91931	0
91932	0
91933	0
91934	0
91935	0
91936	0
91937	0
91938	0
91939	0
91940	0
91941	0
91942	0
91943	6
91944	0
91945	0
91946	0
91947	0
91948	0
91949	0
91950	0
91951	0
91952	0
91953	7
91954	0
91955	0
91956	0
91957	0
91958	0
91959	0
91960	4
91961	0
91962	0
91963	0
91964	1
91965	0
91966	0
91967	0
91968	0
91969	0
91970	7
91971	0
91972	1
91973	0
91974	0
91975	0
91976	0
91977	0
91978	0
91979	0
91980	2
91981	0
91982	0
91983	0
91984	0
91985	1
91986	0
91987	1
91988	0
91989	0
91990	0
91991	0
91992	0
91993	2
91994	0
91995	0
91996	0
91997	0
91998	0
91999	0
92000	0
92001	0
92002	5
92003	22
92004	0
92005	0
92006	0
92007	0
92008	0
92009	1
92010	0
92011	7
92012	0
92013	0
92014	0
92015	0
92016	0
92017	0
92018	0
92019	7
92020	17
92021	28
92022	35
92023	0
92024	3
92025	0
92026	0
92027	2
92028	0
92029	4
92030	93
92031	3
92032	0
92033	4
92034	0
92035	0
92036	0
92037	0
92038	10
92039	3
92040	0
92041	0
92042	0
92043	4
92044	3
92045	0
92046	0
92047	0
92048	0
92049	4
92050	0
92051	1
92052	0
92053	2
92054	0
92055	0
92056	17
92057	3
92058	0
92059	0
92060	0
92061	0
92062	0
92063	0
92064	1
92065	1
92066	0
92067	0
92068	0
92069	0
92070	0
92071	0
92072	1
92073	0
92074	0
92075	0
92076	0
92077	0
92078	0
92079	0
92080	1
92081	4
92082	0
92083	0
92084	0
92085	0
92086	0
92087	0
92088	0
92089	7
92090	0
92091	1
92092	0
92093	0
92094	0
92095	0
92096	0
92097	0
92098	7
92099	0
92100	1
92101	0
92102	0
92103	0
92104	0
92105	0
92106	0
92107	0
92108	0
92109	0
92110	0
92111	0
92112	0
92113	0
92114	0
92115	0
92116	0
92117	0
92118	0
92119	0
92120	0
92121	0
92122	0
92123	0
92124	0
92125	3
92126	0
92127	4
92128	0
92129	0
92130	0
92131	0
92132	0
92133	0
92134	0
92135	0
92136	0
92137	0
92138	0
92139	8
92140	0
92141	0
92142	0
92143	4
92144	35
92145	0
92146	1
92147	0
92148	0
92149	0
92150	0
92151	0
92152	1
92153	0
92154	0
92155	0
92156	0
92157	2
92158	0
92159	0
92160	0
92161	0
92162	0
92163	0
92164	0
92165	0
92166	0
92167	2
92168	0
92169	0
92170	0
92171	0
92172	0
92173	0
92174	0
92175	2
92176	0
92177	1
92178	0
92179	7
92180	0
92181	12
92182	57
92183	0
92184	0
92185	1
92186	0
92187	0
92188	0
92189	0
92190	0
92191	0
92192	0
92193	0
92194	1
92195	0
92196	0
92197	2
92198	1
92199	2
92200	0
92201	0
92202	0
92203	0
92204	0
92205	0
92206	0
92207	0
92208	0
92209	0
92210	0
92211	0
92212	7
92213	0
92214	0
92215	0
92216	7
92217	0
92218	0
92219	10
92220	0
92221	0
92222	0
92223	0
92224	0
92225	0
92226	0
92227	0
92228	0
92229	0
92230	0
92231	0
92232	0
92233	0
92234	15
92235	7
92236	2
92237	0
92238	0
92239	0
92240	0
92241	0
92242	0
92243	0
92244	0
92245	0
92246	0
92247	0
92248	0
92249	0
92250	0
92251	0
92252	0
92253	0
92254	0
92255	1
92256	0
92257	0
92258	0
92259	0
92260	0
92261	0
92262	0
92263	0
92264	0
92265	0
92266	0
92267	0
92268	0
92269	0
92270	135
92271	2
92272	12
92273	0
92274	17
92275	0
92276	49
92277	0
92278	2
92279	0
92280	0
92281	0
92282	0
92283	0
92284	0
92285	0
92286	0
92287	0
92288	0
92289	0
92290	0
92291	0
92292	0
92293	0
92294	0
92295	0
92296	0
92297	0
92298	0
92299	0
92300	0
92301	49
92302	4
92303	0
92304	0
92305	0
92306	0
92307	0
92308	0
92309	0
92310	23
92311	6
92312	18
92313	0
92314	17
92315	0
92316	0
92317	0
92318	0
92319	0
92320	0
92321	0
92322	10
92323	0
92324	3
92325	0
92326	0
92327	0
92328	0
92329	3
92330	0
92331	0
92332	6
92333	0
92334	0
92335	0
92336	0
92337	0
92338	0
92339	0
92340	0
92341	0
92342	0
92343	0
92344	0
92345	0
92346	0
92347	6
92348	0
92349	0
92350	0
92351	1
92352	0
92353	0
92354	0
92355	0
92356	0
92357	0
92358	2
92359	7
92360	0
92361	0
92362	0
92363	2
92364	0
92365	0
92366	0
92367	0
92368	0
92369	1
92370	0
92371	0
92372	0
92373	0
92374	0
92375	0
92376	0
92377	0
92378	0
92379	0
92380	0
92381	0
92382	18
92383	0
92384	0
92385	0
92386	28
92387	2
92388	0
92389	0
92390	0
92391	0
92392	1
92393	0
92394	3
92395	0
92396	0
92397	0
92398	0
92399	47
92400	40
92401	0
92402	7
92403	0
92404	1
92405	0
92406	0
92407	0
92408	0
92409	0
92410	0
92411	0
92412	0
92413	0
92414	0
92415	0
92416	0
92417	0
92418	0
92419	0
92420	4
92421	2
92422	0
92423	0
92424	0
92425	1
92426	0
92427	55
92428	0
92429	0
92430	1
92431	0
92432	0
92433	0
92434	0
92435	0
92436	10
92437	3
92438	10
92439	1
92440	0
92441	0
92442	0
92443	0
92444	0
92445	0
92446	0
92447	0
92448	0
92449	0
92450	0
92451	0
92452	0
92453	0
92454	0
92455	0
92456	0
92457	2
92458	1
92459	1
92460	0
92461	0
92462	4
92463	0
92464	0
92465	0
92466	1
92467	1
92468	0
92469	0
92470	0
92471	0
92472	0
92473	0
92474	0
92475	1
92476	0
92477	3
92478	4
92479	1
92480	1
92481	3
92482	0
92483	0
92484	0
92485	0
92486	0
92487	6
92488	2
92489	0
92490	0
92491	0
92492	0
92493	0
92494	0
92495	0
92496	2
92497	0
92498	0
92499	0
92500	0
92501	0
92502	0
92503	0
92504	0
92505	0
92506	1
92507	0
92508	0
92509	0
92510	0
92511	0
92512	0
92513	0
92514	0
92515	0
92516	0
92517	0
92518	0
92519	0
92520	1
92521	1
92522	0
92523	1
92524	0
92525	0
92526	0
92527	2
92528	2
92529	0
92530	0
92531	0
92532	0
92533	55
92534	0
92535	0
92536	0
92537	0
92538	0
92539	0
92540	0
92541	0
92542	0
92543	0
92544	0
92545	0
92546	12
92547	0
92548	7
92549	0
92550	87
92551	0
92552	0
92553	0
92554	4
92555	6
92556	1
92557	0
92558	0
92559	0
92560	2
92561	0
92562	0
92563	0
92564	0
92565	0
92566	0
92567	0
92568	0
92569	0
92570	0
92571	26
92572	0
92573	0
92574	6
92575	0
92576	1
92577	35
92578	1
92579	18
92580	0
92581	0
92582	0
92583	0
92584	1
92585	0
92586	0
92587	0
92588	0
92589	0
92590	0
92591	0
92592	0
92593	0
92594	0
92595	7
92596	1
92597	0
92598	0
92599	0
92600	0
92601	0
92602	0
92603	0
92604	2
92605	0
92606	0
92607	2
92608	0
92609	0
92610	0
92611	0
92612	0
92613	0
92614	0
92615	0
92616	0
92617	0
92618	1
92619	0
92620	0
92621	0
92622	0
92623	0
92624	0
92625	0
92626	0
92627	0
92628	0
92629	2
92630	0
92631	0
92632	0
92633	0
92634	0
92635	0
92636	0
92637	0
92638	7
92639	1
92640	6
92641	0
92642	4
92643	0
92644	0
92645	0
92646	1
92647	2
92648	0
92649	0
92650	0
92651	1
92652	7
92653	3
92654	0
92655	0
92656	0
92657	0
92658	0
92659	0
92660	0
92661	1
92662	0
92663	0
92664	0
92665	0
92666	0
92667	0
92668	0
92669	0
92670	0
92671	5
92672	0
92673	0
92674	0
92675	0
92676	0
92677	0
92678	0
92679	0
92680	35
92681	0
92682	0
92683	1
92684	31
92685	0
92686	0
92687	0
92688	0
92689	0
92690	0
92691	0
92692	0
92693	0
92694	0
92695	0
92696	0
92697	0
92698	0
92699	0
92700	1
92701	0
92702	0
92703	0
92704	0
92705	1
92706	2
92707	17
92708	0
92709	0
92710	0
92711	0
92712	1
92713	1
92714	0
92715	0
92716	0
92717	0
92718	0
92719	0
92720	0
92721	0
92722	0
92723	0
92724	4
92725	0
92726	0
92727	0
92728	1
92729	0
92730	0
