37939	0
37940	0
37941	26
37942	13
37943	40
37944	7
37945	3
37946	5
37947	0
37948	4
37949	13
37950	10
37951	93
37952	1
37953	0
37954	29
37955	0
37956	0
37957	1
37958	1
37959	0
37960	0
37961	0
37962	0
37963	0
37964	0
37965	1
37966	14
37967	0
37968	0
37969	0
37970	0
37971	0
37972	3
37973	10
37974	10
37975	31
37976	0
37977	0
37978	0
37979	0
37980	0
37981	1
37982	4
37983	4
37984	3
37985	0
37986	0
37987	0
37988	16
37989	13
37990	0
37991	2
37992	1
37993	0
37994	0
37995	0
37996	0
37997	1
37998	0
37999	0
38000	0
38001	0
38002	0
38003	0
38004	1
38005	0
38006	0
38007	0
38008	0
38009	0
38010	0
38011	0
38012	0
38013	3
38014	0
38015	0
38016	0
38017	0
38018	1
38019	0
38020	0
38021	0
38022	0
38023	2
38024	0
38025	0
38026	0
38027	0
38028	0
38029	0
38030	0
38031	0
38032	0
38033	1
38034	0
38035	2
38036	7
38037	0
38038	0
38039	0
38040	2
38041	0
38042	0
38043	4
38044	0
38045	0
38046	0
38047	0
38048	0
38049	20
38050	0
38051	0
38052	0
38053	0
38054	0
38055	0
38056	0
38057	0
38058	0
38059	0
38060	0
38061	0
38062	0
38063	0
38064	0
38065	0
38066	0
38067	0
38068	2
38069	0
38070	0
38071	0
38072	0
38073	23
38074	2
38075	0
38076	0
38077	0
38078	6
38079	0
38080	0
38081	0
38082	0
38083	0
38084	4
38085	0
38086	0
38087	0
38088	4
38089	0
38090	0
38091	4
38092	4
38093	0
38094	8
38095	0
38096	0
38097	0
38098	0
38099	0
38100	4
38101	0
38102	0
38103	0
38104	0
38105	0
38106	0
38107	0
38108	0
38109	3
38110	0
38111	5
38112	0
38113	0
38114	0
38115	0
38116	4
38117	5
38118	0
38119	0
38120	0
38121	1
38122	0
38123	0
38124	0
38125	1
38126	7
38127	0
38128	10
38129	0
38130	0
38131	0
38132	0
38133	0
38134	0
38135	0
38136	0
38137	0
38138	0
38139	0
38140	0
38141	0
38142	10
38143	5
38144	0
38145	0
38146	0
38147	0
38148	17
38149	0
38150	0
38151	0
38152	0
38153	0
38154	1
38155	0
38156	1
38157	0
38158	0
38159	2
38160	0
38161	0
38162	0
38163	0
38164	0
38165	1
38166	0
38167	4
38168	0
38169	0
38170	0
38171	0
38172	0
38173	0
38174	0
38175	0
38176	42
38177	0
38178	2
38179	0
38180	0
38181	0
38182	0
38183	0
38184	0
38185	0
38186	0
38187	7
38188	0
38189	0
38190	0
38191	0
38192	0
38193	0
38194	0
38195	0
38196	0
38197	0
38198	0
38199	0
38200	0
38201	0
38202	0
38203	0
38204	4
38205	1
38206	0
38207	0
38208	0
38209	0
38210	0
38211	0
38212	31
38213	7
38214	1
38215	2
38216	4
38217	6
38218	2
38219	19
38220	4
38221	0
38222	0
38223	0
38224	12
38225	0
38226	2
38227	0
38228	7
38229	0
38230	1
38231	0
38232	0
38233	0
38234	0
38235	0
38236	0
38237	27
38238	0
38239	57
38240	0
38241	0
38242	0
38243	4
38244	1
38245	0
38246	0
38247	0
38248	7
38249	0
38250	1
38251	8
38252	21
38253	9
38254	23
38255	0
38256	0
38257	0
38258	0
38259	10
38260	0
38261	0
38262	0
38263	0
38264	0
38265	0
38266	0
38267	0
38268	0
38269	0
38270	0
38271	0
38272	0
38273	0
38274	11
38275	1
38276	0
38277	0
38278	0
38279	0
38280	0
38281	0
38282	0
38283	0
38284	0
38285	1
38286	0
38287	93
38288	0
38289	0
38290	0
38291	0
38292	0
38293	0
38294	0
38295	0
38296	0
38297	0
38298	0
38299	0
38300	0
38301	7
38302	0
38303	1
38304	0
38305	0
38306	0
38307	0
38308	0
38309	0
38310	0
38311	0
38312	0
38313	1
38314	0
38315	0
38316	1
38317	0
38318	7
38319	0
38320	0
38321	0
38322	0
38323	0
38324	0
38325	10
38326	0
38327	5
38328	0
38329	0
38330	0
38331	0
38332	1
38333	0
38334	0
38335	4
38336	0
38337	0
38338	0
38339	0
38340	0
38341	0
38342	0
38343	3
38344	2
38345	0
38346	0
38347	1
38348	0
38349	0
38350	0
38351	0
38352	0
38353	0
38354	2
38355	0
38356	0
38357	4
38358	7
38359	0
38360	0
38361	0
38362	18
38363	0
38364	0
38365	0
38366	19
38367	0
38368	0
38369	0
38370	0
38371	0
38372	2
38373	0
38374	0
38375	0
38376	0
38377	0
38378	1
38379	1
38380	5
38381	0
38382	0
38383	0
38384	0
38385	0
38386	0
38387	0
38388	0
38389	99
38390	68
38391	0
38392	0
38393	0
38394	0
38395	0
38396	0
38397	0
38398	0
38399	2
38400	0
38401	0
38402	0
38403	0
38404	0
38405	0
38406	0
38407	9
38408	19
38409	3
38410	0
38411	17
38412	0
38413	3
38414	0
38415	0
38416	0
38417	0
38418	0
38419	0
38420	0
38421	0
38422	0
38423	0
38424	7
38425	0
38426	0
38427	0
38428	0
38429	0
38430	0
38431	0
38432	0
38433	67
38434	0
38435	0
38436	0
38437	0
38438	0
38439	0
38440	2
38441	5
38442	5
38443	1
38444	0
38445	0
38446	1
38447	0
38448	0
38449	44
38450	21
38451	67
38452	0
38453	0
38454	0
38455	0
38456	0
38457	0
38458	0
38459	0
38460	0
38461	0
38462	0
38463	0
38464	0
38465	0
38466	0
38467	0
38468	12
38469	0
38470	0
38471	0
38472	6
38473	36
38474	10
38475	23
38476	17
38477	0
38478	24
38479	0
38480	0
38481	0
38482	0
38483	0
38484	0
38485	0
38486	0
38487	0
38488	0
38489	0
38490	0
38491	0
38492	0
38493	0
38494	0
38495	0
38496	0
38497	0
38498	0
38499	0
38500	0
38501	0
38502	0
38503	0
38504	0
38505	0
38506	0
38507	3
38508	0
38509	0
38510	0
38511	0
38512	0
38513	0
38514	2
38515	7
38516	2
38517	0
38518	0
38519	1
38520	0
38521	0
38522	0
38523	0
38524	0
38525	0
38526	1
38527	0
38528	0
38529	0
38530	1
38531	0
38532	1
38533	0
38534	0
38535	0
38536	0
38537	0
38538	0
38539	0
38540	0
38541	0
38542	16
38543	8
38544	0
38545	0
38546	2
38547	0
38548	0
38549	0
38550	0
38551	44
38552	67
38553	2
38554	0
38555	0
38556	0
38557	2
38558	3
38559	0
38560	15
38561	0
38562	12
38563	0
38564	2
38565	1
38566	7
38567	22
38568	0
38569	0
38570	0
38571	0
38572	0
38573	0
38574	0
38575	0
38576	0
38577	0
38578	14
38579	0
38580	0
38581	0
38582	0
38583	0
38584	0
38585	1
38586	0
38587	0
38588	0
38589	0
38590	58
38591	1
38592	0
38593	0
38594	0
38595	2
38596	0
38597	0
38598	0
38599	16
38600	5
38601	0
38602	0
38603	0
38604	0
38605	0
38606	0
38607	0
38608	0
38609	0
38610	0
38611	0
38612	40
38613	0
38614	0
38615	0
38616	0
38617	0
38618	0
38619	0
38620	0
38621	0
38622	1
38623	0
38624	0
38625	0
38626	0
38627	85
38628	0
38629	0
38630	0
38631	0
38632	1
38633	2
38634	1
38635	0
38636	0
38637	0
38638	0
38639	7
38640	0
38641	0
38642	0
38643	0
38644	4
38645	0
38646	2
38647	0
38648	0
38649	0
38650	0
38651	0
38652	0
38653	0
38654	1
38655	0
38656	17
38657	0
38658	0
38659	28
38660	15
38661	0
38662	14
38663	0
38664	0
38665	0
38666	1
38667	0
38668	0
38669	0
38670	0
38671	0
38672	0
38673	0
38674	1
38675	0
38676	0
38677	0
38678	0
38679	3
38680	0
38681	0
38682	0
38683	26
38684	2
38685	0
38686	0
38687	1
38688	0
38689	0
38690	0
38691	0
38692	2
38693	1
38694	2
38695	0
38696	86
38697	1
38698	0
38699	0
38700	7
38701	0
38702	0
38703	0
38704	0
38705	0
38706	0
38707	7
38708	0
38709	0
38710	0
38711	56
38712	65
38713	10
38714	9
38715	0
38716	0
38717	0
38718	0
38719	0
38720	0
38721	0
38722	0
38723	0
38724	0
38725	0
38726	0
38727	0
38728	0
38729	0
38730	0
38731	0
38732	0
38733	4
38734	0
38735	4
38736	0
38737	0
38738	1
38739	0
38740	0
38741	0
38742	0
38743	0
38744	0
38745	4
38746	21
38747	3
38748	7
38749	0
38750	0
38751	49
38752	0
38753	0
38754	2
38755	0
38756	1
38757	0
38758	0
38759	0
38760	0
38761	0
38762	0
38763	16
38764	1
38765	47
38766	0
38767	0
38768	0
38769	0
38770	38
38771	46
38772	10
38773	0
38774	0
38775	4
38776	2
38777	0
38778	0
38779	0
38780	0
38781	0
38782	0
38783	0
38784	2
38785	0
38786	17
38787	0
38788	0
38789	0
38790	0
38791	0
38792	0
38793	0
38794	0
38795	0
38796	0
38797	0
38798	0
38799	0
38800	0
38801	0
38802	0
38803	0
38804	0
38805	0
38806	0
38807	0
38808	0
38809	0
38810	0
38811	0
38812	0
38813	12
38814	2
38815	0
38816	0
38817	2
38818	6
38819	4
38820	0
38821	0
38822	0
38823	10
38824	0
38825	0
38826	0
38827	0
38828	4
38829	0
38830	0
38831	0
38832	0
38833	0
38834	0
38835	0
38836	41
38837	0
38838	4
38839	1
38840	0
38841	0
38842	0
38843	0
38844	5
38845	0
38846	3
38847	5
38848	0
38849	0
38850	0
38851	10
38852	63
38853	0
38854	0
38855	0
38856	0
38857	2
38858	0
38859	0
38860	1
38861	0
38862	0
38863	0
38864	68
38865	0
38866	0
38867	0
38868	0
38869	0
38870	0
38871	39
38872	63
38873	0
38874	0
38875	0
38876	0
38877	0
38878	1
38879	0
38880	0
38881	1
38882	0
38883	0
38884	7
38885	1
38886	54
38887	0
38888	0
38889	0
38890	0
38891	0
38892	0
38893	0
38894	0
38895	0
38896	0
38897	0
38898	1
38899	4
38900	3
38901	0
38902	0
38903	0
38904	0
38905	1
38906	7
38907	0
38908	0
38909	0
38910	1
38911	0
38912	0
38913	0
38914	0
38915	0
38916	4
38917	12
38918	2
38919	0
38920	0
38921	0
38922	0
38923	1
38924	0
38925	1
38926	0
38927	0
38928	0
38929	0
38930	0
38931	0
38932	0
38933	0
38934	0
38935	0
38936	0
38937	0
38938	0
38939	0
38940	0
38941	0
38942	0
38943	0
38944	0
38945	1
38946	6
38947	0
38948	0
38949	0
38950	1
38951	0
38952	0
38953	0
38954	0
38955	31
38956	4
38957	0
38958	1
38959	1
38960	0
38961	0
38962	1
38963	0
38964	7
38965	0
38966	1
38967	0
38968	0
38969	0
38970	0
38971	4
38972	0
38973	0
38974	0
38975	0
38976	0
38977	0
38978	4
38979	0
38980	1
38981	31
38982	4
38983	0
38984	0
38985	2
38986	0
38987	0
38988	4
38989	0
38990	0
38991	0
38992	2
38993	4
38994	0
38995	2
38996	0
38997	0
38998	1
38999	1
39000	0
39001	45
39002	0
39003	0
39004	0
39005	0
39006	0
39007	7
39008	0
39009	0
39010	0
39011	0
39012	0
39013	0
39014	0
39015	4
39016	127
39017	64
39018	17
39019	2
39020	0
39021	0
39022	20
39023	7
39024	0
39025	4
39026	0
39027	0
39028	0
39029	0
39030	0
39031	11
39032	0
39033	0
39034	0
39035	0
39036	0
39037	2
39038	10
39039	10
39040	3
39041	0
39042	10
39043	0
39044	0
39045	4
39046	0
39047	0
39048	0
39049	0
