14826	0
14827	0
14828	4
14829	0
14830	0
14831	0
14832	0
14833	0
14834	0
14835	0
14836	0
14837	0
14838	0
14839	0
14840	0
14841	0
14842	0
14843	0
14844	0
14845	0
14846	0
14847	0
14848	0
14849	0
14850	1
14851	0
14852	0
14853	0
14854	0
14855	0
14856	0
14857	0
14858	4
14859	0
14860	0
14861	0
14862	0
14863	0
14864	7
14865	0
14866	0
14867	0
14868	0
14869	0
14870	0
14871	4
14872	0
14873	1
14874	0
14875	0
14876	0
14877	0
14878	0
14879	0
14880	0
14881	0
14882	0
14883	0
14884	2
14885	0
14886	1
14887	0
14888	16
14889	1
14890	7
14891	0
14892	0
14893	7
14894	0
14895	0
14896	10
14897	0
14898	0
14899	0
14900	7
14901	25
14902	1
14903	12
14904	0
14905	0
14906	1
14907	7
14908	35
14909	0
14910	0
14911	9
14912	0
14913	0
14914	0
14915	0
14916	0
14917	0
14918	0
14919	0
14920	0
14921	1
14922	0
14923	0
14924	0
14925	0
14926	0
14927	0
14928	0
14929	29
14930	11
14931	1
14932	1
14933	0
14934	0
14935	0
14936	0
14937	10
14938	71
14939	0
14940	0
14941	0
14942	0
14943	4
14944	0
14945	0
14946	0
14947	0
14948	0
14949	75
14950	0
14951	0
14952	0
14953	0
14954	0
14955	0
14956	4
14957	0
14958	7
14959	0
14960	0
14961	4
14962	0
14963	0
14964	0
14965	0
14966	0
14967	0
14968	0
14969	0
14970	1
14971	0
14972	0
14973	0
14974	0
14975	0
14976	4
14977	0
14978	0
14979	0
14980	0
14981	4
14982	0
14983	0
14984	0
14985	0
14986	0
14987	0
14988	0
14989	0
14990	0
14991	0
14992	0
14993	0
14994	0
14995	2
14996	0
14997	0
14998	40
14999	0
15000	0
15001	0
15002	0
15003	0
15004	0
15005	4
15006	4
15007	0
15008	1
15009	0
15010	0
15011	0
15012	9
15013	0
15014	1
15015	1
15016	0
15017	0
15018	4
15019	0
15020	0
15021	0
15022	0
15023	2
15024	0
15025	0
15026	0
15027	0
15028	1
15029	4
15030	0
15031	1
15032	0
15033	0
15034	0
15035	0
15036	0
15037	0
15038	1
15039	0
15040	0
15041	0
15042	0
15043	0
15044	0
15045	0
15046	0
15047	4
15048	1
15049	0
15050	0
15051	0
15052	0
15053	0
15054	0
15055	0
15056	0
15057	0
15058	0
15059	2
15060	2
15061	0
15062	0
15063	0
15064	2
15065	0
15066	0
15067	0
15068	0
15069	0
15070	1
15071	0
15072	0
15073	0
15074	0
15075	0
15076	0
15077	0
15078	2
15079	0
15080	4
15081	0
15082	0
15083	0
15084	0
15085	0
15086	2
15087	0
15088	0
15089	0
15090	0
15091	7
15092	0
15093	0
15094	0
15095	0
15096	0
15097	10
15098	1
15099	0
15100	1
15101	6
15102	2
15103	2
15104	0
15105	0
15106	0
15107	0
15108	0
15109	7
15110	0
15111	1
15112	0
15113	0
15114	0
15115	0
15116	0
15117	0
15118	0
15119	0
15120	0
15121	0
15122	0
15123	0
15124	7
15125	10
15126	16
15127	0
15128	0
15129	0
15130	0
15131	0
15132	0
15133	16
15134	0
15135	1
15136	0
15137	0
15138	1
15139	0
15140	1
15141	0
15142	0
15143	0
15144	0
15145	0
15146	0
15147	0
15148	4
15149	0
15150	0
15151	0
15152	0
15153	0
15154	0
15155	0
15156	0
15157	1
15158	0
15159	0
15160	0
15161	51
15162	0
15163	0
15164	2
15165	0
15166	0
15167	16
15168	0
15169	4
15170	0
15171	0
15172	0
15173	0
15174	7
15175	1
15176	0
15177	0
15178	0
15179	0
15180	0
15181	0
15182	1
15183	0
15184	0
15185	0
15186	0
15187	0
15188	0
15189	0
15190	0
15191	0
15192	1
15193	0
15194	1
15195	0
15196	0
15197	0
15198	0
15199	0
15200	0
15201	4
15202	4
15203	10
15204	0
15205	0
15206	7
15207	0
15208	4
15209	0
15210	0
15211	0
15212	0
15213	0
15214	0
15215	0
15216	0
15217	1
15218	4
15219	0
15220	11
15221	0
15222	18
15223	0
15224	0
15225	0
15226	0
15227	0
15228	2
15229	0
15230	0
15231	0
15232	4
15233	0
15234	0
15235	0
15236	0
15237	0
15238	0
15239	4
15240	1
15241	0
15242	0
15243	0
15244	0
15245	4
15246	0
15247	1
15248	0
15249	0
15250	0
15251	0
15252	0
15253	0
15254	10
15255	0
15256	16
15257	0
15258	0
15259	0
15260	0
15261	0
15262	0
15263	0
15264	0
15265	4
15266	0
15267	0
15268	30
15269	9
15270	0
15271	0
15272	0
15273	0
15274	0
15275	0
15276	41
15277	0
15278	1
15279	135
15280	0
15281	117
15282	0
15283	0
15284	0
15285	0
15286	16
15287	0
15288	0
15289	1
15290	0
15291	1
15292	0
15293	0
15294	4
15295	0
15296	16
15297	0
15298	2
15299	0
15300	8
15301	4
15302	0
15303	0
15304	0
15305	0
15306	25
15307	0
15308	0
15309	0
15310	0
15311	0
15312	0
15313	0
15314	0
15315	0
15316	0
15317	0
15318	4
15319	0
15320	0
15321	17
15322	7
15323	16
15324	0
15325	0
15326	0
15327	0
15328	0
15329	0
15330	0
15331	75
15332	0
15333	1
15334	0
15335	2
15336	0
15337	0
15338	0
15339	0
15340	0
15341	0
15342	0
15343	2
15344	0
15345	0
15346	0
15347	0
15348	10
15349	0
15350	0
15351	0
15352	24
15353	0
15354	0
15355	0
15356	0
15357	0
15358	4
15359	0
15360	0
15361	0
15362	0
15363	0
15364	1
15365	0
15366	0
15367	1
15368	0
15369	0
15370	0
15371	0
15372	0
15373	0
15374	0
15375	7
15376	5
15377	0
15378	0
15379	0
15380	1
15381	0
15382	43
15383	0
15384	0
15385	0
15386	0
15387	0
15388	1
15389	0
15390	0
15391	0
15392	0
15393	1
15394	0
15395	1
15396	0
15397	4
15398	4
15399	0
15400	0
15401	0
15402	0
15403	11
15404	0
15405	0
15406	0
15407	10
15408	10
15409	0
15410	4
15411	0
15412	1
15413	7
15414	0
15415	2
15416	0
15417	1
15418	0
15419	0
15420	0
15421	0
15422	0
15423	1
15424	4
15425	0
15426	0
15427	15
15428	0
15429	0
15430	1
15431	0
15432	0
15433	0
15434	0
15435	19
15436	0
15437	3
15438	0
15439	0
15440	0
15441	1
15442	4
15443	1
15444	5
15445	0
15446	1
15447	0
15448	0
15449	0
15450	0
15451	0
15452	0
15453	1
15454	0
15455	0
15456	0
15457	0
15458	0
15459	10
15460	4
15461	0
15462	0
15463	0
15464	0
15465	0
15466	4
15467	0
15468	0
15469	0
15470	0
15471	0
15472	0
15473	4
15474	0
15475	0
15476	0
15477	0
15478	0
15479	0
15480	0
15481	0
15482	0
15483	0
15484	0
15485	0
15486	1
15487	1
15488	0
15489	0
15490	0
15491	0
15492	0
15493	0
15494	10
15495	1
15496	0
15497	0
15498	0
15499	36
15500	55
15501	0
15502	0
15503	0
15504	0
15505	0
15506	0
15507	0
15508	0
15509	0
15510	0
15511	9
15512	0
15513	0
15514	0
15515	0
15516	0
15517	0
15518	0
15519	0
15520	4
15521	16
15522	0
15523	0
15524	0
15525	0
15526	0
15527	0
15528	1
15529	0
15530	0
15531	0
15532	0
15533	0
15534	0
15535	0
15536	0
15537	0
15538	19
15539	0
15540	10
15541	4
15542	0
15543	10
15544	0
15545	1
15546	1
15547	0
15548	0
15549	0
15550	0
15551	0
15552	0
15553	0
15554	0
15555	0
15556	0
15557	4
15558	0
15559	16
15560	16
15561	0
15562	0
15563	0
15564	0
15565	0
15566	0
15567	0
15568	3
15569	0
15570	0
15571	0
15572	0
15573	0
15574	0
15575	0
15576	0
15577	0
15578	0
15579	0
15580	1
15581	0
15582	7
15583	0
15584	0
15585	55
15586	0
15587	2
15588	0
15589	33
15590	0
15591	24
15592	0
15593	0
15594	0
15595	0
15596	16
15597	0
15598	0
15599	0
15600	0
15601	0
15602	0
15603	0
15604	0
15605	16
15606	0
15607	0
15608	0
15609	0
15610	10
15611	0
15612	2
15613	16
15614	0
15615	0
15616	7
15617	1
15618	0
15619	0
15620	0
15621	0
15622	10
15623	0
15624	0
15625	0
15626	0
15627	7
15628	0
15629	0
15630	0
15631	0
15632	0
15633	0
15634	0
15635	0
15636	1
15637	0
15638	0
15639	0
15640	0
15641	0
15642	0
15643	0
15644	0
15645	0
15646	0
15647	0
15648	0
15649	0
15650	10
15651	4
15652	1
15653	1
15654	0
15655	1
15656	0
15657	0
15658	0
15659	0
15660	0
15661	0
15662	0
15663	0
15664	4
15665	0
15666	9
15667	30
15668	0
15669	1
15670	0
15671	0
15672	0
15673	0
15674	0
15675	0
15676	6
15677	1
15678	0
15679	0
15680	3
15681	10
15682	1
15683	0
15684	0
15685	0
15686	0
15687	0
15688	0
15689	0
15690	0
15691	0
15692	0
15693	1
15694	0
15695	0
15696	0
15697	0
15698	0
15699	0
15700	0
15701	0
15702	0
15703	0
15704	0
15705	0
15706	0
15707	4
15708	4
15709	0
15710	0
15711	1
15712	0
15713	0
15714	1
15715	0
15716	0
15717	4
15718	1
15719	1
15720	1
15721	0
15722	0
15723	0
15724	0
15725	0
15726	0
15727	0
15728	0
15729	0
15730	0
15731	1
15732	0
15733	0
15734	0
15735	0
15736	1
15737	25
15738	0
15739	0
15740	0
15741	1
15742	0
15743	0
15744	0
15745	0
15746	0
15747	0
15748	0
15749	4
15750	0
15751	0
15752	0
15753	3
15754	1
15755	0
15756	0
15757	0
15758	4
15759	0
15760	0
15761	0
15762	0
15763	0
15764	0
15765	6
15766	1
15767	0
15768	0
15769	4
15770	0
15771	0
15772	0
15773	0
15774	0
15775	0
15776	0
15777	0
15778	0
15779	1
15780	1
15781	0
15782	0
15783	0
15784	0
15785	0
15786	0
15787	2
15788	0
15789	0
15790	0
15791	0
15792	0
15793	0
15794	0
15795	0
15796	0
15797	0
15798	14
15799	26
15800	0
15801	0
15802	0
15803	0
15804	10
15805	0
15806	0
15807	1
15808	0
15809	0
15810	1
15811	0
15812	4
15813	0
15814	4
15815	0
15816	0
15817	10
15818	0
15819	0
15820	4
15821	0
15822	0
15823	0
15824	0
15825	0
15826	7
15827	2
15828	0
15829	0
15830	0
15831	0
15832	0
15833	0
15834	0
15835	0
15836	0
15837	0
15838	0
15839	0
15840	137
15841	0
15842	0
15843	0
15844	0
15845	0
15846	0
15847	7
15848	1
15849	0
15850	0
15851	0
15852	0
15853	0
15854	0
15855	0
15856	10
15857	0
15858	0
15859	0
15860	0
15861	0
15862	0
15863	0
15864	1
15865	0
15866	1
15867	1
15868	1
15869	5
15870	6
15871	0
15872	0
15873	13
15874	4
15875	4
15876	0
15877	4
15878	0
15879	0
15880	0
15881	0
15882	0
15883	0
15884	0
15885	0
15886	0
15887	0
15888	0
15889	0
15890	0
15891	0
15892	4
15893	1
15894	0
15895	0
15896	0
15897	0
15898	1
15899	0
15900	0
15901	0
15902	10
15903	4
15904	0
15905	7
15906	2
15907	0
15908	0
15909	0
15910	0
15911	0
15912	0
15913	0
15914	0
15915	0
15916	0
15917	0
15918	1
15919	0
15920	0
15921	0
15922	7
15923	0
15924	2
15925	2
15926	0
15927	0
15928	1
15929	1
15930	0
15931	0
15932	0
15933	0
15934	0
15935	1
15936	4
15937	0
15938	0
15939	0
15940	0
15941	0
15942	0
15943	0
15944	0
15945	0
15946	16
15947	1
15948	0
15949	0
15950	0
15951	1
15952	20
15953	0
15954	0
15955	0
15956	0
15957	0
15958	0
15959	0
15960	0
15961	0
15962	7
15963	0
15964	0
15965	21
15966	0
15967	0
15968	0
15969	0
15970	10
15971	16
15972	0
15973	0
15974	0
15975	0
15976	0
15977	0
15978	0
15979	0
15980	0
15981	0
15982	0
15983	0
15984	0
15985	0
15986	0
15987	0
15988	0
15989	0
15990	0
15991	0
15992	7
15993	0
15994	0
15995	0
15996	7
15997	10
15998	0
15999	10
16000	0
16001	0
16002	0
16003	0
16004	0
16005	0
16006	0
16007	0
16008	0
16009	0
16010	0
16011	0
16012	0
16013	0
16014	7
16015	7
16016	0
16017	0
16018	0
16019	1
16020	0
16021	0
16022	0
16023	0
16024	0
16025	0
16026	16
16027	16
16028	0
16029	0
16030	1
16031	2
16032	0
16033	1
16034	0
16035	1
16036	0
16037	0
16038	1
16039	2
16040	0
16041	2
16042	1
16043	0
16044	0
16045	0
16046	0
16047	0
16048	16
16049	0
16050	0
16051	0
16052	0
16053	0
16054	202
16055	92
16056	0
16057	0
16058	0
16059	0
16060	0
16061	18
16062	0
16063	0
16064	6
16065	0
16066	0
16067	0
16068	0
16069	0
16070	1
16071	0
16072	0
16073	0
16074	1
16075	0
16076	0
16077	0
16078	0
16079	7
16080	0
16081	0
16082	0
16083	0
16084	4
16085	1
16086	0
16087	0
16088	0
16089	0
16090	0
16091	0
16092	10
16093	3
16094	52
16095	0
16096	0
16097	0
16098	0
16099	0
16100	0
16101	0
16102	1
16103	0
16104	16
16105	0
16106	0
16107	3
16108	0
16109	0
16110	0
16111	0
16112	1
16113	1
16114	0
16115	0
16116	0
16117	0
16118	10
16119	23
16120	0
16121	1
16122	0
16123	1
16124	10
16125	0
16126	4
16127	0
16128	0
16129	0
16130	0
16131	0
16132	0
16133	0
16134	0
16135	0
16136	0
16137	0
16138	0
16139	0
16140	0
16141	0
16142	0
16143	0
16144	0
16145	0
16146	4
16147	0
16148	4
16149	0
16150	0
16151	0
16152	0
16153	0
16154	0
16155	0
16156	1
16157	4
16158	0
16159	0
16160	0
16161	0
16162	0
16163	0
16164	0
16165	0
16166	1
16167	1
16168	1
16169	0
16170	0
16171	0
16172	0
16173	0
16174	0
16175	4
16176	0
16177	0
16178	0
16179	0
16180	0
16181	1
16182	0
16183	0
16184	0
16185	1
16186	2
16187	0
16188	0
16189	0
16190	0
16191	0
16192	0
16193	0
16194	17
16195	0
16196	0
16197	0
16198	0
16199	0
16200	0
16201	0
16202	0
16203	0
16204	3
16205	25
16206	0
16207	0
16208	0
16209	0
16210	0
16211	0
16212	0
16213	0
16214	0
16215	22
16216	8
16217	0
16218	0
16219	0
16220	0
16221	0
16222	0
16223	0
16224	0
16225	102
16226	0
16227	0
16228	0
16229	0
16230	0
16231	0
16232	0
16233	0
16234	0
16235	0
16236	0
16237	0
16238	0
16239	0
16240	0
16241	0
16242	0
16243	0
16244	0
16245	0
16246	0
16247	0
16248	0
16249	0
16250	0
16251	4
16252	0
16253	0
16254	0
16255	0
16256	0
16257	0
16258	2
16259	1
16260	0
16261	0
16262	0
16263	1
16264	0
16265	0
16266	1
16267	0
16268	7
16269	0
16270	0
16271	0
16272	7
16273	38
16274	4
16275	0
16276	1
16277	0
16278	10
16279	0
16280	75
16281	0
16282	35
16283	25
16284	0
16285	0
16286	0
16287	1
16288	0
16289	0
16290	0
16291	0
16292	0
16293	0
16294	0
16295	0
16296	0
16297	1
16298	107
16299	0
16300	0
16301	2
16302	0
16303	1
16304	0
16305	2
16306	0
16307	8
16308	0
16309	2
16310	0
16311	0
16312	0
16313	2
16314	72
16315	0
16316	0
16317	0
