72918	0
72919	0
72920	0
72921	0
72922	13
72923	1
72924	0
72925	0
72926	14
72927	21
72928	0
72929	0
72930	1
72931	16
72932	0
72933	0
72934	0
72935	0
72936	0
72937	0
72938	0
72939	1
72940	0
72941	0
72942	3
72943	0
72944	3
72945	0
72946	0
72947	2
72948	0
72949	0
72950	7
72951	116
72952	0
72953	0
72954	42
72955	0
72956	0
72957	0
72958	35
72959	7
72960	0
72961	0
72962	4
72963	0
72964	38
72965	0
72966	0
72967	0
72968	0
72969	0
72970	0
72971	0
72972	0
72973	31
72974	1
72975	0
72976	0
72977	0
72978	1
72979	0
72980	19
72981	0
72982	0
72983	5
72984	0
72985	16
72986	0
72987	0
72988	0
72989	0
72990	144
72991	0
72992	0
72993	0
72994	0
72995	0
72996	1
72997	39
72998	0
72999	16
73000	0
73001	1
73002	0
73003	0
73004	15
73005	0
73006	1
73007	0
73008	0
73009	0
73010	0
73011	0
73012	0
73013	0
73014	0
73015	0
73016	0
73017	0
73018	0
73019	0
73020	0
73021	0
73022	0
73023	0
73024	0
73025	0
73026	0
73027	0
73028	0
73029	0
73030	0
73031	0
73032	0
73033	0
73034	0
73035	0
73036	0
73037	0
73038	7
73039	1
73040	16
73041	0
73042	2
73043	0
73044	0
73045	0
73046	0
73047	0
73048	0
73049	1
73050	0
73051	0
73052	0
73053	0
73054	0
73055	0
73056	0
73057	0
73058	4
73059	0
73060	0
73061	0
73062	0
73063	0
73064	0
73065	0
73066	0
73067	0
73068	0
73069	0
73070	0
73071	0
73072	7
73073	0
73074	2
73075	4
73076	0
73077	0
73078	0
73079	0
73080	0
73081	4
73082	2
73083	0
73084	4
73085	149
73086	0
73087	0
73088	0
73089	0
73090	0
73091	0
73092	0
73093	0
73094	158
73095	0
73096	7
73097	0
73098	0
73099	0
73100	0
73101	31
73102	0
73103	0
73104	0
73105	0
73106	0
73107	0
73108	0
73109	16
73110	2
73111	57
73112	34
73113	1
73114	54
73115	6
73116	3
73117	2
73118	22
73119	10
73120	0
73121	2
73122	0
73123	0
73124	0
73125	0
73126	0
73127	0
73128	0
73129	8
73130	0
73131	0
73132	0
73133	10
73134	1
73135	0
73136	0
73137	0
73138	0
73139	4
73140	7
73141	0
73142	0
73143	0
73144	0
73145	0
73146	0
73147	0
73148	10
73149	0
73150	0
73151	0
73152	0
73153	4
73154	0
73155	0
73156	0
73157	4
73158	0
73159	38
73160	0
73161	0
73162	0
73163	0
73164	1
73165	0
73166	1
73167	4
73168	14
73169	0
73170	0
73171	52
73172	4
73173	104
73174	27
73175	0
73176	0
73177	67
73178	0
73179	0
73180	0
73181	0
73182	3
73183	7
73184	0
73185	0
73186	0
73187	0
73188	5
73189	0
73190	0
73191	0
73192	55
73193	0
73194	0
73195	10
73196	0
73197	0
73198	0
73199	3
73200	0
73201	0
73202	0
73203	16
73204	0
73205	10
73206	0
73207	6
73208	0
73209	0
73210	0
73211	0
73212	1
73213	3
73214	4
73215	0
73216	0
73217	11
73218	1
73219	4
73220	0
73221	0
73222	0
73223	0
73224	0
73225	0
73226	1
73227	3
73228	0
73229	0
73230	0
73231	0
73232	1
73233	0
73234	0
73235	1
73236	0
73237	3
73238	0
73239	0
73240	0
73241	0
73242	0
73243	0
73244	0
73245	0
73246	7
73247	4
73248	0
73249	0
73250	8
73251	0
73252	0
73253	0
73254	0
73255	0
73256	0
73257	0
73258	4
73259	0
73260	0
73261	3
73262	4
73263	0
73264	0
73265	16
73266	0
73267	0
73268	7
73269	0
73270	0
73271	3
73272	3
73273	128
73274	1
73275	2
73276	0
73277	0
73278	1
73279	10
73280	90
73281	0
73282	0
73283	0
73284	0
73285	4
73286	0
73287	0
73288	0
73289	0
73290	0
73291	2
73292	58
73293	0
73294	0
73295	0
73296	0
73297	0
73298	2
73299	10
73300	4
73301	0
73302	0
73303	2
73304	2
73305	0
73306	0
73307	0
73308	8
73309	0
73310	4
73311	0
73312	1
73313	12
73314	0
73315	0
73316	0
73317	0
73318	7
73319	13
73320	7
73321	25
73322	2
73323	4
73324	0
73325	3
73326	0
73327	1
73328	0
73329	1
73330	0
73331	1
73332	0
73333	0
73334	4
73335	0
73336	0
73337	133
73338	0
73339	0
73340	0
73341	0
73342	7
73343	1
73344	0
73345	0
73346	0
73347	0
73348	55
73349	10
73350	4
73351	4
73352	1
73353	82
73354	0
73355	0
73356	0
73357	0
73358	0
73359	10
73360	0
73361	0
73362	1
73363	9
73364	11
73365	4
73366	0
73367	5
73368	0
73369	0
73370	69
73371	0
73372	15
73373	0
73374	0
73375	91
73376	0
73377	0
73378	0
73379	0
73380	0
73381	1
73382	0
73383	0
73384	0
73385	0
73386	0
73387	0
73388	1
73389	7
73390	0
73391	0
73392	0
73393	12
73394	14
73395	3
73396	4
73397	0
73398	10
73399	0
73400	0
73401	2
73402	0
73403	0
73404	0
73405	1
73406	0
73407	0
73408	10
73409	0
73410	7
73411	0
73412	0
73413	0
73414	0
73415	2
73416	4
73417	8
73418	0
73419	0
73420	0
73421	1
73422	54
73423	12
73424	0
73425	107
73426	2
73427	0
73428	0
73429	0
73430	10
73431	0
73432	17
73433	0
73434	0
73435	0
73436	0
73437	0
73438	1
73439	0
73440	0
73441	0
73442	5
73443	20
73444	0
73445	4
73446	0
73447	0
73448	0
73449	0
73450	0
73451	23
73452	3
73453	0
73454	0
73455	0
73456	23
73457	1
73458	0
73459	0
73460	23
73461	0
73462	0
73463	23
73464	8
73465	4
73466	3
73467	117
73468	0
73469	0
73470	46
73471	0
73472	0
73473	0
73474	0
73475	0
73476	13
73477	7
73478	0
73479	0
73480	0
73481	0
73482	0
73483	0
73484	62
73485	4
73486	22
73487	0
73488	0
73489	4
73490	0
73491	0
73492	0
73493	0
73494	1
73495	0
73496	0
73497	5
73498	0
73499	10
73500	16
73501	7
73502	2
73503	7
73504	7
73505	0
73506	0
73507	0
73508	0
73509	0
73510	0
73511	10
73512	0
73513	0
73514	8
73515	0
73516	0
73517	0
73518	0
73519	4
73520	0
73521	0
73522	0
73523	0
73524	0
73525	0
73526	0
73527	1
73528	0
73529	0
73530	0
73531	0
73532	3
73533	2
73534	0
73535	0
73536	1
73537	0
73538	0
73539	0
73540	0
73541	0
73542	0
73543	0
73544	0
73545	1
73546	0
73547	94
73548	50
73549	56
73550	0
73551	0
73552	0
73553	0
73554	0
73555	0
73556	0
73557	0
73558	1
73559	44
73560	0
73561	0
73562	0
73563	0
73564	0
73565	0
73566	1
73567	28
73568	0
73569	7
73570	7
73571	0
73572	0
73573	10
73574	0
73575	2
73576	12
73577	2
73578	27
73579	0
