95666	0
95667	0
95668	31
95669	0
95670	16
95671	1
95672	0
95673	0
95674	49
95675	1
95676	0
95677	0
95678	0
95679	0
95680	41
95681	2
95682	176
95683	0
95684	10
95685	13
95686	1
95687	0
95688	0
95689	4
95690	4
95691	2
95692	16
95693	0
95694	7
95695	71
95696	0
95697	10
95698	10
95699	0
95700	0
95701	4
95702	0
95703	0
95704	19
95705	10
95706	1
95707	0
95708	0
95709	1
95710	7
95711	16
95712	8
95713	0
95714	0
95715	1
95716	1
95717	1
95718	1
95719	0
95720	1
95721	4
95722	7
95723	0
95724	4
95725	0
95726	1
95727	2
95728	0
95729	1
95730	7
95731	2
95732	22
95733	4
95734	0
95735	30
95736	1
95737	10
95738	0
95739	4
95740	0
95741	11
95742	0
95743	0
95744	0
95745	1
95746	0
95747	0
95748	0
95749	0
95750	2
95751	0
95752	0
95753	0
95754	0
95755	0
95756	2
95757	3
95758	1
95759	12
95760	1
95761	0
95762	0
95763	0
95764	0
95765	1
95766	0
95767	22
95768	7
95769	0
95770	23
95771	0
95772	0
95773	4
95774	23
95775	0
95776	4
95777	1
95778	0
95779	0
95780	4
95781	0
95782	0
95783	10
95784	1
95785	10
95786	0
95787	1
95788	0
95789	1
95790	0
95791	0
95792	0
95793	0
95794	0
95795	4
95796	0
95797	0
95798	14
95799	18
95800	0
95801	0
95802	0
95803	8
95804	0
95805	0
95806	0
95807	2
95808	0
95809	0
95810	0
95811	16
95812	16
95813	0
95814	14
95815	0
95816	0
95817	0
95818	1
95819	0
95820	41
95821	0
95822	0
95823	9
95824	0
95825	0
95826	0
95827	16
95828	4
95829	10
95830	4
95831	7
95832	0
95833	0
95834	0
95835	7
95836	0
95837	7
95838	1
95839	0
95840	0
95841	0
95842	0
95843	0
95844	4
95845	0
95846	0
95847	0
95848	25
95849	126
95850	2
95851	0
95852	0
95853	1
95854	7
95855	1
95856	0
95857	1
95858	0
95859	0
95860	16
95861	7
95862	1
95863	0
95864	42
95865	1
95866	0
95867	0
95868	0
95869	19
95870	5
95871	0
95872	0
95873	0
95874	16
95875	0
95876	0
95877	2
95878	1
95879	0
95880	75
95881	0
95882	0
95883	89
95884	1
95885	0
95886	0
95887	0
95888	0
95889	1
95890	0
95891	0
95892	0
95893	4
95894	0
95895	0
95896	0
95897	2
95898	0
95899	14
95900	0
95901	0
95902	4
95903	12
95904	0
95905	0
95906	4
95907	9
95908	4
95909	0
95910	1
95911	0
95912	0
95913	0
95914	1
95915	1
95916	1
95917	16
95918	7
95919	0
95920	0
95921	0
95922	10
95923	10
95924	126
95925	25
95926	0
95927	0
95928	0
95929	0
95930	0
95931	0
95932	15
95933	0
95934	0
95935	23
95936	4
95937	4
95938	0
95939	1
95940	0
95941	2
95942	1
95943	3
95944	0
95945	15
95946	1
95947	1
95948	22
95949	0
95950	0
95951	1
95952	0
95953	2
95954	10
95955	1
95956	0
95957	0
95958	0
95959	1
95960	0
95961	0
95962	4
95963	0
95964	16
95965	0
95966	0
95967	0
95968	4
95969	1
95970	1
95971	10
95972	0
95973	11
95974	0
95975	4
95976	0
95977	4
95978	0
95979	0
95980	2
95981	0
95982	0
95983	0
95984	0
95985	0
95986	0
95987	16
95988	0
95989	4
95990	10
95991	1
95992	22
95993	2
95994	4
95995	4
95996	7
95997	0
95998	0
95999	2
96000	0
96001	0
96002	1
96003	0
96004	4
96005	16
96006	0
96007	0
96008	0
96009	15
96010	0
96011	0
96012	0
96013	7
96014	10
96015	1
96016	0
96017	0
96018	0
96019	0
96020	7
96021	1
96022	4
96023	3
96024	0
96025	1
96026	0
96027	0
96028	22
96029	0
96030	4
96031	1
96032	1
96033	4
96034	0
96035	84
96036	0
96037	0
96038	1
96039	0
96040	10
96041	0
96042	0
96043	1
96044	0
96045	0
96046	1
96047	10
96048	7
96049	0
96050	0
96051	1
96052	38
96053	1
96054	0
96055	24
96056	40
96057	0
96058	0
96059	1
96060	0
96061	0
96062	0
96063	0
96064	46
96065	40
96066	63
96067	4
96068	0
96069	0
96070	4
96071	2
96072	83
96073	6
96074	0
96075	0
96076	4
96077	4
96078	10
96079	0
96080	4
96081	0
96082	85
96083	1
96084	0
96085	4
96086	0
96087	0
96088	0
96089	0
96090	0
96091	0
96092	0
96093	2
96094	0
96095	1
96096	4
96097	1
96098	0
96099	10
96100	0
96101	0
96102	0
96103	0
96104	0
96105	1
96106	0
96107	1
96108	22
96109	10
96110	0
96111	10
96112	0
96113	3
96114	0
96115	0
96116	0
96117	1
96118	0
96119	0
96120	0
96121	0
96122	0
96123	0
96124	0
96125	0
96126	131
96127	0
96128	0
96129	0
96130	4
96131	0
96132	0
96133	0
96134	0
96135	0
96136	0
96137	0
96138	0
96139	0
96140	0
96141	1
96142	0
96143	0
96144	33
96145	0
96146	0
96147	4
96148	0
96149	4
96150	0
96151	0
96152	4
96153	6
96154	0
96155	0
96156	0
96157	109
96158	1
96159	0
96160	0
96161	0
96162	0
96163	1
96164	0
96165	10
96166	4
96167	1
96168	4
96169	16
96170	4
96171	0
96172	22
96173	1
96174	8
96175	0
96176	4
96177	4
96178	1
96179	25
96180	0
96181	7
96182	0
96183	0
96184	0
96185	0
96186	1
96187	7
96188	4
96189	78
96190	16
96191	0
96192	1
96193	10
96194	7
96195	0
96196	0
96197	0
96198	3
96199	0
96200	0
96201	0
96202	0
96203	0
96204	2
96205	0
96206	0
96207	0
96208	10
96209	2
96210	4
96211	0
96212	0
96213	0
96214	0
96215	4
96216	0
96217	0
96218	1
96219	1
96220	0
96221	10
96222	0
96223	84
96224	7
96225	0
96226	0
96227	0
96228	0
96229	0
96230	95
96231	1
96232	1
96233	4
96234	0
96235	0
96236	0
96237	92
96238	35
96239	0
96240	1
96241	1
96242	0
96243	0
96244	0
96245	1
96246	0
96247	0
96248	157
96249	0
96250	0
96251	0
96252	2
96253	4
96254	0
96255	0
96256	0
96257	0
96258	0
96259	0
96260	0
96261	0
96262	0
96263	10
96264	0
96265	0
96266	0
96267	1
96268	4
96269	0
96270	0
96271	0
96272	3
96273	4
96274	0
96275	6
96276	4
96277	0
96278	0
96279	4
96280	17
96281	1
96282	0
96283	0
96284	1
96285	10
96286	4
96287	4
96288	0
96289	4
96290	0
96291	0
96292	0
96293	0
96294	0
96295	0
96296	0
96297	0
96298	0
96299	0
96300	0
96301	0
96302	0
96303	4
96304	0
96305	0
96306	0
96307	0
96308	1
96309	1
96310	47
96311	0
96312	4
96313	0
96314	0
96315	0
96316	0
96317	1
96318	0
96319	0
96320	0
96321	2
96322	0
96323	0
96324	10
96325	0
96326	4
96327	10
96328	0
96329	0
96330	0
96331	0
96332	24
96333	0
96334	4
96335	0
96336	0
96337	0
96338	0
96339	0
96340	0
96341	0
96342	10
96343	0
96344	14
96345	27
96346	8
96347	0
96348	0
96349	0
96350	2
96351	0
96352	0
96353	0
96354	0
96355	0
96356	0
96357	0
96358	23
96359	31
96360	0
96361	0
96362	11
96363	0
96364	2
96365	0
96366	0
96367	0
96368	0
96369	0
96370	0
96371	10
96372	0
96373	0
96374	0
96375	1
96376	0
96377	4
96378	0
96379	4
96380	7
96381	0
96382	0
96383	111
96384	2
96385	0
96386	0
96387	0
96388	0
96389	0
96390	1
96391	0
96392	0
96393	0
96394	0
96395	9
96396	0
96397	0
96398	2
96399	4
96400	2
96401	0
96402	49
96403	4
96404	4
96405	1
96406	0
96407	1
96408	1
96409	16
96410	0
96411	1
96412	0
96413	1
96414	15
96415	1
96416	1
