9356	4
9357	0
9358	0
9359	0
9360	10
9361	0
9362	0
9363	16
9364	4
9365	0
9366	0
9367	0
9368	0
9369	0
9370	0
9371	0
9372	0
9373	0
9374	29
9375	0
9376	0
9377	0
9378	0
9379	0
9380	1
9381	0
9382	0
9383	0
9384	1
9385	46
9386	0
9387	0
9388	90
9389	5
9390	1
9391	4
9392	4
9393	0
9394	0
9395	0
9396	1
9397	0
9398	1
9399	0
9400	0
9401	0
9402	0
9403	0
9404	25
9405	0
9406	4
9407	3
9408	11
9409	0
9410	0
9411	26
9412	103
9413	4
9414	1
9415	1
9416	0
9417	0
9418	158
9419	114
9420	0
9421	0
9422	0
9423	0
9424	0
9425	1
9426	0
9427	0
9428	0
9429	0
9430	1
9431	18
9432	0
9433	0
9434	0
9435	7
9436	25
9437	0
9438	4
9439	1
9440	16
9441	1
9442	0
9443	0
9444	35
9445	0
9446	0
9447	0
9448	1
9449	3
9450	1
9451	0
9452	0
9453	0
9454	0
9455	0
9456	0
9457	0
9458	10
9459	0
9460	0
9461	0
9462	0
9463	1
9464	0
9465	0
9466	0
9467	0
9468	0
9469	0
9470	0
9471	0
9472	0
9473	0
9474	0
9475	0
9476	16
9477	4
9478	7
9479	0
9480	1
9481	22
9482	10
9483	0
9484	52
9485	0
9486	0
9487	26
9488	0
9489	0
9490	50
9491	102
9492	0
9493	0
9494	0
9495	10
9496	0
9497	0
9498	0
9499	0
9500	0
9501	4
9502	0
9503	0
9504	0
9505	0
9506	3
9507	1
9508	4
9509	1
9510	0
9511	1
9512	0
9513	0
9514	10
9515	0
9516	0
9517	0
9518	2
9519	0
9520	0
9521	78
9522	0
9523	0
9524	0
9525	0
9526	0
9527	0
9528	4
9529	0
9530	0
9531	0
9532	0
9533	0
9534	4
9535	1
9536	0
9537	7
9538	0
9539	0
9540	0
9541	1
9542	0
9543	0
9544	0
9545	0
9546	0
9547	0
9548	0
9549	0
9550	0
9551	0
9552	0
9553	0
9554	0
9555	0
9556	0
9557	0
9558	0
9559	13
9560	0
9561	1
9562	0
9563	11
9564	0
9565	0
9566	3
9567	4
9568	0
9569	0
9570	0
9571	0
9572	0
9573	0
9574	0
9575	1
9576	0
9577	25
9578	10
9579	0
9580	0
9581	0
9582	0
9583	0
9584	0
9585	0
9586	0
9587	0
9588	0
9589	24
9590	7
9591	12
9592	49
9593	7
9594	21
9595	0
9596	0
9597	0
9598	32
9599	7
9600	0
9601	0
9602	29
9603	106
9604	4
9605	0
9606	0
9607	0
9608	12
9609	7
9610	0
9611	0
9612	0
9613	0
9614	0
9615	0
9616	0
9617	4
9618	0
9619	0
9620	0
9621	0
9622	0
9623	12
9624	0
9625	0
9626	0
9627	11
9628	5
9629	7
9630	0
9631	21
9632	10
9633	0
9634	1
9635	0
9636	0
9637	0
9638	0
9639	0
9640	3
9641	0
9642	1
9643	0
9644	0
9645	18
9646	4
9647	4
9648	0
9649	0
9650	0
9651	0
9652	0
9653	20
9654	2
9655	0
9656	95
9657	0
9658	75
9659	83
9660	0
9661	0
9662	10
9663	0
9664	0
9665	0
9666	0
9667	0
9668	0
9669	0
9670	0
9671	22
9672	0
9673	0
9674	0
9675	0
9676	0
9677	0
9678	0
9679	0
9680	0
9681	0
9682	0
9683	43
9684	0
9685	1
9686	1
9687	0
9688	0
9689	0
9690	1
9691	0
9692	0
9693	0
9694	0
9695	0
9696	0
9697	0
9698	27
9699	4
9700	11
9701	96
9702	97
9703	2
9704	0
9705	0
9706	0
9707	139
9708	3
9709	0
9710	1
9711	0
9712	0
9713	0
9714	0
9715	0
9716	0
9717	0
9718	0
9719	0
9720	1
9721	4
9722	0
9723	0
9724	5
9725	1
9726	0
9727	0
9728	2
9729	0
9730	70
9731	0
9732	48
9733	3
9734	1
9735	0
9736	9
9737	0
9738	0
9739	48
9740	0
9741	30
9742	10
9743	0
9744	0
9745	0
9746	0
9747	0
9748	0
9749	0
9750	0
9751	0
9752	0
9753	1
9754	10
9755	0
9756	0
9757	0
9758	0
9759	29
9760	0
9761	16
9762	0
9763	0
9764	0
9765	1
9766	4
9767	0
9768	17
9769	0
9770	3
9771	0
9772	4
9773	0
9774	10
9775	48
9776	2
9777	0
9778	0
9779	0
9780	0
9781	0
9782	0
9783	0
9784	0
9785	0
9786	0
9787	0
9788	0
9789	0
9790	0
9791	0
9792	0
9793	0
9794	0
9795	36
9796	7
9797	0
9798	0
9799	0
9800	0
9801	0
9802	0
9803	0
9804	0
9805	26
9806	0
9807	0
9808	0
9809	0
9810	0
9811	0
9812	0
9813	0
9814	0
9815	0
9816	0
9817	0
9818	0
9819	0
9820	0
9821	0
9822	4
9823	0
9824	0
9825	0
9826	0
9827	16
9828	50
9829	5
9830	0
9831	7
9832	0
9833	0
9834	0
9835	0
9836	0
9837	0
9838	4
9839	0
9840	0
9841	5
9842	0
9843	0
9844	86
9845	0
9846	0
9847	0
9848	0
9849	0
9850	16
9851	41
9852	12
9853	0
9854	0
9855	0
9856	86
9857	0
9858	2
9859	0
9860	3
9861	0
9862	0
9863	0
9864	0
9865	2
9866	0
9867	0
9868	0
9869	1
9870	0
9871	0
9872	0
9873	0
9874	6
9875	29
9876	0
9877	0
9878	2
9879	0
9880	0
9881	2
9882	0
9883	3
9884	1
9885	0
9886	0
9887	0
9888	16
9889	0
9890	10
9891	0
9892	0
9893	3
9894	0
9895	0
9896	0
9897	0
9898	0
9899	0
9900	0
9901	0
9902	0
9903	2
9904	2
9905	0
9906	0
9907	24
9908	0
9909	1
9910	0
9911	0
9912	9
9913	29
9914	0
9915	0
9916	0
9917	0
9918	0
9919	18
9920	0
9921	10
9922	18
9923	92
9924	0
9925	0
9926	0
9927	0
9928	4
9929	1
9930	0
9931	0
9932	0
9933	0
9934	0
9935	0
9936	0
9937	14
9938	4
9939	10
9940	22
9941	1
9942	2
9943	0
9944	0
9945	33
9946	0
9947	0
9948	105
9949	0
9950	0
9951	0
9952	0
9953	16
9954	0
9955	0
9956	0
9957	0
9958	0
9959	0
9960	0
9961	0
9962	0
9963	0
9964	0
9965	0
9966	3
9967	0
9968	0
9969	0
9970	0
9971	0
9972	33
9973	0
9974	0
9975	0
9976	0
9977	22
9978	0
9979	0
9980	0
9981	1
9982	1
9983	0
9984	0
9985	0
9986	0
9987	0
9988	0
9989	1
9990	46
9991	0
9992	0
9993	0
9994	3
9995	0
9996	0
9997	31
9998	6
9999	0
10000	0
10001	10
10002	10
10003	0
10004	0
10005	1
10006	36
10007	37
10008	0
10009	0
10010	0
10011	127
10012	1
10013	0
10014	0
10015	0
10016	1
10017	0
10018	49
10019	0
10020	4
10021	0
10022	0
10023	1
10024	0
10025	34
10026	1
10027	2
10028	16
10029	0
10030	0
10031	3
10032	4
10033	0
10034	17
10035	2
10036	0
10037	26
10038	0
10039	0
10040	0
10041	10
10042	0
10043	0
10044	0
10045	0
10046	0
10047	0
10048	0
10049	0
10050	1
10051	0
10052	67
10053	0
10054	4
10055	0
10056	0
10057	0
10058	1
10059	86
10060	0
10061	0
10062	0
10063	0
10064	7
10065	0
10066	0
10067	4
10068	0
10069	0
10070	0
10071	0
10072	0
10073	132
10074	0
10075	0
10076	0
10077	0
10078	0
10079	0
10080	4
10081	0
10082	1
10083	0
10084	0
10085	1
10086	0
10087	0
10088	1
10089	0
10090	0
10091	0
10092	1
10093	0
10094	0
10095	0
10096	5
10097	0
10098	2
10099	0
10100	17
10101	0
10102	22
10103	0
10104	0
10105	0
10106	1
10107	1
10108	10
10109	0
10110	1
10111	0
10112	0
10113	45
10114	0
10115	0
10116	0
10117	0
10118	0
10119	0
10120	0
10121	77
10122	0
10123	0
10124	0
10125	0
10126	0
10127	0
10128	0
10129	0
10130	63
10131	0
10132	0
10133	0
10134	0
10135	16
10136	0
10137	0
10138	8
10139	21
10140	0
10141	0
10142	4
10143	0
10144	0
10145	0
10146	0
10147	0
10148	0
10149	0
10150	1
10151	0
10152	1
10153	0
10154	0
10155	0
10156	0
10157	0
10158	0
10159	0
10160	0
10161	4
10162	0
10163	0
10164	0
10165	0
10166	0
10167	0
10168	0
10169	0
10170	0
10171	0
10172	10
10173	0
10174	0
10175	1
10176	23
10177	0
10178	7
10179	0
10180	6
10181	0
10182	0
10183	0
10184	0
10185	0
