84476	10
84477	7
84478	0
84479	0
84480	4
84481	0
84482	1
84483	10
84484	118
84485	0
84486	4
84487	92
84488	1
84489	0
84490	0
84491	4
84492	0
84493	115
84494	9
84495	40
84496	0
84497	53
84498	115
84499	0
84500	0
84501	0
84502	0
84503	0
84504	0
84505	2
84506	7
84507	2
84508	2
84509	0
84510	2
84511	1
84512	4
84513	0
84514	0
84515	3
84516	0
84517	0
84518	0
84519	0
84520	9
84521	16
84522	10
84523	0
84524	0
84525	1
84526	0
84527	7
84528	1
84529	0
84530	0
84531	2
84532	0
84533	0
84534	0
84535	0
84536	0
84537	2
84538	0
84539	0
84540	1
84541	0
84542	16
84543	0
84544	4
84545	0
84546	0
84547	0
84548	0
84549	0
84550	0
84551	0
84552	0
84553	0
84554	0
84555	0
84556	0
84557	0
84558	0
84559	7
84560	7
84561	7
84562	0
84563	0
84564	0
84565	4
84566	0
84567	0
84568	0
84569	2
84570	0
84571	110
84572	0
84573	0
84574	10
84575	1
84576	7
84577	16
84578	0
84579	0
84580	3
84581	0
84582	0
84583	10
84584	4
84585	4
84586	10
84587	10
84588	0
84589	0
84590	0
84591	0
84592	0
84593	4
84594	0
84595	0
84596	0
84597	19
84598	12
84599	1
84600	2
84601	0
84602	0
84603	0
84604	0
84605	0
84606	2
84607	0
84608	0
84609	0
84610	0
84611	1
84612	10
84613	1
84614	0
84615	1
84616	10
84617	10
84618	0
84619	1
84620	16
84621	0
84622	97
84623	0
84624	0
84625	0
84626	3
84627	0
84628	1
84629	10
84630	0
84631	0
84632	0
84633	1
84634	0
84635	0
84636	22
84637	10
84638	0
84639	13
84640	0
84641	1
84642	4
84643	0
84644	16
84645	10
84646	0
84647	0
84648	1
84649	0
84650	0
84651	0
84652	0
84653	0
84654	0
84655	2
84656	0
84657	0
84658	0
84659	16
84660	0
84661	7
84662	4
84663	20
84664	0
84665	8
84666	0
84667	2
84668	0
84669	4
84670	0
84671	16
84672	0
84673	16
84674	0
84675	0
84676	0
84677	7
84678	3
84679	3
84680	4
84681	0
84682	16
84683	2
84684	0
84685	0
84686	46
84687	0
84688	0
84689	7
84690	0
84691	1
84692	0
84693	0
84694	0
84695	0
84696	9
84697	4
84698	5
84699	0
84700	7
84701	25
84702	18
84703	1
84704	0
84705	7
84706	3
84707	0
84708	6
84709	2
84710	0
84711	1
84712	0
84713	0
84714	1
84715	0
84716	2
84717	0
84718	10
84719	1
84720	0
84721	2
84722	3
84723	4
84724	0
84725	0
84726	0
84727	1
84728	0
84729	1
84730	0
84731	0
84732	0
84733	0
84734	10
84735	7
84736	0
84737	0
84738	17
84739	6
84740	11
84741	4
84742	38
84743	0
84744	0
84745	50
84746	10
84747	4
84748	0
84749	10
84750	0
84751	0
84752	25
84753	0
84754	0
84755	1
84756	5
84757	1
84758	2
84759	0
84760	1
84761	0
84762	0
84763	7
84764	4
84765	34
84766	0
84767	0
84768	1
84769	0
84770	25
84771	2
84772	46
84773	0
84774	4
84775	1
84776	0
84777	0
84778	0
84779	0
84780	0
84781	16
84782	0
84783	1
84784	0
84785	0
84786	0
84787	1
84788	0
84789	3
84790	19
84791	10
84792	0
84793	0
84794	0
84795	0
84796	0
84797	0
84798	7
84799	0
84800	0
84801	0
84802	0
84803	1
84804	11
84805	96
84806	4
84807	0
84808	0
84809	1
84810	13
84811	23
84812	10
84813	16
84814	0
84815	4
84816	8
84817	0
84818	0
84819	0
84820	2
84821	7
84822	7
84823	9
84824	0
84825	3
84826	0
84827	0
84828	1
84829	1
84830	0
84831	0
84832	0
84833	25
84834	0
84835	1
84836	0
84837	2
84838	0
84839	0
84840	0
84841	10
84842	10
84843	1
84844	0
84845	141
84846	70
84847	7
84848	8
84849	2
84850	0
84851	0
84852	10
84853	43
84854	1
84855	5
84856	1
84857	1
84858	4
84859	87
84860	0
84861	0
84862	0
84863	0
84864	0
84865	0
84866	0
84867	0
84868	0
84869	0
84870	4
84871	1
84872	0
84873	25
84874	0
84875	0
84876	0
84877	60
84878	4
84879	0
84880	0
84881	0
84882	0
84883	0
84884	1
84885	1
84886	9
84887	2
84888	10
84889	0
84890	16
84891	10
84892	0
84893	0
84894	0
84895	4
84896	0
84897	0
84898	0
84899	1
84900	59
84901	71
84902	0
84903	10
84904	0
84905	0
84906	1
84907	1
84908	0
84909	0
84910	0
84911	50
84912	4
84913	0
84914	0
84915	4
84916	16
84917	16
84918	0
84919	18
84920	9
84921	34
84922	4
84923	16
84924	1
84925	16
84926	1
84927	4
84928	0
84929	0
84930	1
84931	1
84932	0
84933	16
84934	0
84935	20
84936	10
84937	7
84938	31
84939	8
84940	0
84941	0
84942	0
84943	28
84944	0
84945	4
84946	16
84947	1
84948	16
84949	0
84950	2
84951	0
84952	1
84953	0
84954	0
84955	0
84956	0
84957	1
84958	0
84959	2
84960	22
84961	0
84962	20
84963	0
84964	0
84965	7
84966	46
84967	9
84968	4
84969	11
84970	0
84971	50
84972	7
84973	33
84974	0
84975	0
84976	0
84977	7
84978	4
84979	3
84980	1
84981	16
84982	0
84983	0
84984	4
84985	2
84986	0
84987	1
84988	0
84989	0
84990	4
84991	4
84992	0
84993	0
84994	0
84995	0
84996	0
84997	0
84998	0
84999	0
85000	0
85001	12
85002	0
85003	0
85004	5
85005	0
85006	46
85007	0
85008	4
85009	4
85010	0
85011	0
85012	1
85013	1
85014	1
85015	0
85016	0
85017	0
85018	0
85019	4
85020	1
85021	4
85022	0
85023	4
85024	0
85025	7
85026	0
85027	0
85028	12
85029	28
85030	11
85031	0
85032	0
85033	0
85034	4
85035	0
85036	0
85037	0
85038	0
85039	4
85040	28
85041	0
85042	1
85043	47
85044	10
85045	22
85046	0
85047	0
85048	10
85049	0
85050	0
85051	0
85052	25
85053	7
85054	0
85055	0
85056	0
85057	0
85058	1
85059	0
85060	25
85061	0
85062	0
85063	3
85064	1
85065	0
85066	2
85067	4
85068	7
85069	1
85070	0
85071	0
85072	4
85073	0
85074	0
85075	0
85076	1
85077	3
85078	2
85079	4
85080	7
85081	12
85082	0
85083	12
85084	7
85085	7
85086	0
85087	16
85088	0
85089	0
85090	1
85091	0
85092	7
85093	0
85094	2
85095	0
85096	1
85097	0
85098	1
85099	0
85100	0
85101	0
85102	2
85103	5
85104	0
85105	92
85106	0
85107	10
85108	5
85109	3
85110	0
85111	16
85112	0
85113	59
85114	0
85115	0
85116	45
85117	4
85118	9
85119	0
85120	4
85121	0
85122	0
85123	10
85124	0
85125	1
85126	19
85127	0
85128	0
85129	10
85130	18
85131	16
85132	0
85133	1
85134	0
85135	4
85136	0
85137	0
85138	0
85139	4
85140	16
85141	16
85142	4
85143	0
85144	0
85145	0
85146	0
85147	4
85148	1
85149	0
85150	1
85151	12
85152	0
85153	91
85154	1
85155	0
85156	1
85157	0
85158	10
85159	35
85160	4
85161	14
85162	39
85163	0
85164	0
85165	54
85166	0
85167	52
85168	0
85169	0
85170	16
85171	4
85172	0
85173	0
85174	0
85175	0
85176	0
85177	27
85178	6
85179	27
85180	0
85181	0
85182	10
85183	1
85184	0
85185	0
85186	0
85187	7
85188	0
85189	0
85190	1
85191	0
85192	0
85193	0
85194	0
85195	1
85196	0
85197	1
85198	0
85199	10
85200	0
85201	0
85202	10
85203	1
85204	1
85205	10
85206	0
85207	0
85208	0
85209	16
85210	0
85211	0
85212	4
85213	0
85214	0
85215	0
85216	1
85217	4
85218	7
85219	25
85220	2
85221	0
85222	0
85223	6
85224	0
85225	0
85226	0
85227	0
85228	1
85229	1
85230	16
85231	4
85232	2
85233	4
85234	0
85235	1
85236	3
85237	0
85238	0
85239	1
85240	0
85241	0
85242	10
85243	0
85244	0
85245	7
85246	0
85247	0
85248	0
85249	0
85250	0
85251	0
85252	4
85253	0
85254	0
85255	0
85256	4
85257	0
85258	0
85259	0
85260	0
85261	2
85262	0
85263	1
85264	1
85265	0
85266	0
85267	2
85268	1
85269	4
85270	7
85271	3
85272	1
85273	1
85274	5
85275	8
85276	1
85277	4
85278	4
85279	0
85280	64
85281	0
85282	1
85283	51
85284	48
85285	0
85286	10
85287	1
85288	0
85289	4
85290	0
85291	0
85292	0
85293	0
85294	0
85295	0
85296	4
85297	4
85298	3
85299	0
85300	15
85301	0
85302	4
85303	0
85304	0
85305	2
85306	16
85307	0
85308	7
85309	0
85310	1
85311	0
85312	10
85313	0
85314	0
85315	0
85316	0
85317	0
85318	26
85319	0
85320	1
85321	0
85322	87
85323	44
85324	11
85325	10
85326	2
85327	0
85328	16
85329	109
85330	0
85331	2
85332	0
85333	4
85334	0
85335	0
85336	0
85337	0
85338	4
85339	0
85340	0
85341	0
85342	0
85343	1
85344	0
85345	0
85346	63
85347	0
85348	17
85349	5
85350	2
85351	8
85352	1
85353	1
85354	4
85355	7
85356	48
85357	0
85358	4
85359	1
85360	0
85361	44
85362	0
85363	68
85364	5
85365	0
85366	16
85367	1
85368	1
85369	1
85370	0
85371	0
85372	0
85373	1
85374	1
85375	0
85376	0
85377	1
85378	4
85379	2
85380	7
85381	25
85382	24
85383	71
85384	41
85385	57
85386	49
