81173	4
81174	0
81175	0
81176	4
81177	1
81178	1
81179	4
81180	0
81181	0
81182	7
81183	0
81184	0
81185	0
81186	0
81187	2
81188	43
81189	0
81190	1
81191	32
81192	0
81193	0
81194	23
81195	120
81196	0
81197	0
81198	0
81199	0
81200	0
81201	0
81202	0
81203	20
81204	8
81205	0
81206	10
81207	1
81208	0
81209	0
81210	0
81211	1
81212	10
81213	0
81214	0
81215	2
81216	0
81217	0
81218	0
81219	0
81220	0
81221	3
81222	1
81223	0
81224	0
81225	34
81226	0
81227	4
81228	16
81229	12
81230	0
81231	1
81232	13
81233	0
81234	0
81235	0
81236	0
81237	0
81238	1
81239	16
81240	44
81241	4
81242	0
81243	7
81244	0
81245	4
81246	0
81247	1
81248	7
81249	0
81250	0
81251	4
81252	69
81253	0
81254	0
81255	0
81256	0
81257	0
81258	0
81259	1
81260	0
81261	0
81262	0
81263	1
81264	1
81265	2
81266	4
81267	0
81268	0
81269	0
81270	0
81271	90
81272	16
81273	0
81274	4
81275	0
81276	0
81277	0
81278	0
81279	0
81280	1
81281	0
81282	0
81283	10
81284	0
81285	0
81286	1
81287	7
81288	0
81289	0
81290	0
81291	0
81292	0
81293	0
81294	0
81295	0
81296	0
81297	0
81298	2
81299	4
81300	0
81301	14
81302	0
81303	0
81304	0
81305	0
81306	1
81307	1
81308	0
81309	0
81310	0
81311	0
81312	1
81313	0
81314	0
81315	0
81316	1
81317	0
81318	0
81319	16
81320	0
81321	0
81322	0
81323	0
81324	0
81325	0
81326	22
81327	0
81328	0
81329	0
81330	1
81331	0
81332	1
81333	0
81334	1
81335	16
81336	0
81337	10
81338	0
81339	23
81340	0
81341	0
81342	0
81343	27
81344	22
81345	25
81346	6
81347	0
81348	4
81349	1
81350	0
81351	0
81352	0
81353	0
81354	1
81355	0
81356	0
81357	4
81358	1
81359	2
81360	6
81361	31
81362	2
81363	65
81364	0
81365	0
81366	57
81367	1
81368	0
81369	1
81370	4
81371	13
81372	14
81373	0
81374	0
81375	0
81376	0
81377	4
81378	0
81379	0
81380	0
81381	4
81382	16
81383	0
81384	1
81385	0
81386	0
81387	1
81388	0
81389	0
81390	0
81391	0
81392	0
81393	0
81394	0
81395	16
81396	0
81397	0
81398	0
81399	0
81400	4
81401	0
81402	1
81403	0
81404	0
81405	0
81406	0
81407	0
81408	0
81409	0
81410	0
81411	0
81412	0
81413	0
81414	0
81415	2
81416	0
81417	0
81418	0
81419	0
81420	10
81421	10
81422	0
81423	0
81424	0
81425	0
81426	1
81427	0
81428	0
81429	4
81430	0
81431	0
81432	23
81433	0
81434	0
81435	0
81436	0
81437	0
81438	0
81439	12
81440	0
81441	2
81442	7
81443	0
81444	0
81445	0
81446	10
81447	0
81448	0
81449	0
81450	21
81451	7
81452	0
81453	4
81454	0
81455	0
81456	0
81457	29
81458	0
81459	67
81460	1
81461	10
81462	0
81463	0
81464	0
81465	0
81466	0
81467	0
81468	0
81469	0
81470	0
81471	16
81472	0
81473	0
81474	1
81475	4
81476	4
81477	0
81478	0
81479	1
81480	0
81481	0
81482	0
81483	0
81484	0
81485	0
81486	0
81487	0
81488	0
81489	0
81490	0
81491	0
81492	1
81493	0
81494	0
81495	0
81496	7
81497	7
81498	0
81499	0
81500	4
81501	0
81502	1
81503	45
81504	0
81505	4
81506	4
81507	0
81508	0
81509	1
81510	4
81511	0
81512	4
81513	1
81514	0
81515	0
81516	0
81517	0
81518	0
81519	7
81520	0
81521	0
81522	0
81523	0
81524	4
81525	0
81526	0
81527	7
81528	1
81529	4
81530	5
81531	4
81532	0
81533	0
81534	4
81535	0
81536	0
81537	43
81538	0
81539	0
81540	0
81541	0
81542	0
81543	1
81544	0
81545	0
81546	0
81547	0
81548	0
81549	1
81550	123
81551	0
81552	0
81553	0
81554	0
81555	0
81556	0
81557	4
81558	0
81559	7
81560	0
81561	7
81562	0
81563	10
81564	0
81565	0
81566	0
81567	0
81568	0
81569	0
81570	7
81571	0
81572	0
81573	0
81574	0
81575	4
81576	0
81577	0
81578	0
81579	10
81580	1
81581	0
81582	0
81583	37
81584	0
81585	1
81586	0
81587	4
81588	0
81589	0
81590	0
81591	0
81592	0
81593	0
81594	0
81595	1
81596	16
81597	0
81598	0
81599	0
81600	0
81601	0
81602	0
81603	0
81604	0
81605	0
81606	1
81607	0
81608	0
81609	0
81610	0
81611	0
81612	0
81613	1
81614	1
81615	0
81616	0
81617	0
81618	0
81619	0
81620	1
81621	0
81622	0
81623	0
81624	0
81625	0
81626	0
81627	25
81628	4
81629	0
81630	0
81631	0
81632	0
81633	0
81634	0
81635	0
81636	0
81637	1
81638	0
81639	0
81640	1
81641	0
81642	0
81643	0
81644	31
81645	3
81646	7
81647	4
81648	0
81649	5
81650	0
81651	0
81652	0
81653	0
81654	0
81655	0
81656	0
81657	1
81658	0
81659	0
81660	0
81661	1
81662	0
81663	1
81664	16
81665	0
81666	3
81667	10
81668	0
81669	0
81670	0
81671	0
81672	0
81673	0
81674	4
81675	2
81676	0
81677	0
81678	0
81679	6
81680	23
81681	36
81682	0
81683	10
81684	0
81685	1
81686	0
81687	0
81688	1
81689	1
81690	0
81691	4
81692	1
81693	10
81694	10
81695	10
81696	2
81697	7
81698	0
81699	0
81700	0
81701	4
81702	0
81703	0
81704	0
81705	0
81706	1
81707	0
81708	1
81709	6
81710	135
81711	62
81712	0
81713	5
81714	0
81715	17
81716	3
81717	0
81718	0
81719	25
81720	0
81721	0
81722	0
81723	0
81724	110
81725	0
81726	0
81727	6
81728	0
81729	0
81730	5
81731	0
81732	6
81733	0
81734	0
81735	0
81736	38
81737	10
81738	0
81739	0
81740	0
81741	1
81742	0
81743	0
81744	1
81745	4
81746	1
81747	1
81748	12
81749	1
81750	0
81751	0
81752	0
81753	0
81754	1
81755	3
81756	31
81757	30
81758	115
81759	0
81760	4
81761	0
81762	0
81763	0
81764	0
81765	10
81766	0
81767	0
81768	0
81769	29
81770	0
81771	0
81772	0
81773	69
81774	0
81775	0
81776	1
81777	0
81778	0
81779	0
81780	0
81781	10
81782	10
81783	0
81784	0
81785	0
81786	2
81787	0
81788	0
81789	0
81790	0
81791	0
81792	101
81793	0
81794	0
81795	0
81796	4
81797	0
81798	4
81799	0
81800	0
81801	0
81802	4
81803	0
81804	0
81805	0
81806	1
81807	20
81808	0
81809	0
81810	0
81811	0
81812	10
81813	1
81814	1
81815	0
81816	0
81817	0
81818	10
81819	0
81820	0
81821	2
81822	25
81823	2
81824	0
81825	0
81826	0
81827	0
81828	0
81829	16
81830	1
81831	0
81832	1
81833	1
81834	4
81835	154
81836	8
81837	7
81838	0
81839	1
81840	0
81841	0
81842	4
81843	0
81844	0
81845	0
81846	0
81847	0
81848	0
81849	3
81850	0
81851	10
81852	0
81853	2
81854	0
81855	0
81856	0
81857	4
81858	0
81859	0
81860	0
81861	7
81862	1
81863	1
81864	11
81865	4
81866	0
81867	0
81868	0
81869	0
81870	0
81871	48
81872	4
81873	0
81874	0
81875	4
81876	0
81877	3
81878	0
81879	0
81880	1
81881	1
81882	0
81883	0
81884	0
81885	7
81886	0
81887	8
81888	0
81889	0
81890	0
81891	0
81892	0
81893	1
81894	4
81895	0
81896	4
81897	0
