52331	29
52332	0
52333	0
52334	0
52335	0
52336	0
52337	0
52338	7
52339	7
52340	0
52341	0
52342	2
52343	0
52344	0
52345	0
52346	0
52347	0
52348	0
52349	0
52350	0
52351	66
52352	7
52353	0
52354	4
52355	2
52356	4
52357	0
52358	4
52359	4
52360	1
52361	0
52362	0
52363	86
52364	0
52365	0
52366	0
52367	0
52368	0
52369	4
52370	0
52371	0
52372	1
52373	0
52374	0
52375	0
52376	0
52377	16
52378	0
52379	0
52380	4
52381	0
52382	0
52383	10
52384	4
52385	4
52386	1
52387	0
52388	2
52389	0
52390	0
52391	4
52392	0
52393	0
52394	70
52395	0
52396	0
52397	42
52398	40
52399	0
52400	0
52401	0
52402	1
52403	4
52404	0
52405	0
52406	0
52407	16
52408	0
52409	0
52410	0
52411	2
52412	1
52413	4
52414	4
52415	0
52416	0
52417	0
52418	1
52419	0
52420	0
52421	1
52422	0
52423	0
52424	4
52425	1
52426	1
52427	1
52428	74
52429	10
52430	1
52431	7
52432	3
52433	1
52434	1
52435	0
52436	4
52437	0
52438	4
52439	8
52440	0
52441	0
52442	4
52443	0
52444	4
52445	0
52446	0
52447	0
52448	0
52449	0
52450	1
52451	57
52452	0
52453	0
52454	0
52455	0
52456	16
52457	0
52458	0
52459	0
52460	10
52461	19
52462	65
52463	0
52464	0
52465	0
52466	18
52467	2
52468	4
52469	4
52470	0
52471	0
52472	7
52473	0
52474	0
52475	0
52476	0
52477	0
52478	1
52479	0
52480	0
52481	0
52482	43
52483	9
52484	0
52485	0
52486	0
52487	2
52488	1
52489	0
52490	0
52491	2
52492	1
52493	4
52494	7
52495	0
52496	0
52497	0
52498	0
52499	1
52500	1
52501	0
52502	0
52503	0
52504	0
52505	1
52506	16
52507	0
52508	0
52509	0
52510	7
52511	0
52512	4
52513	10
52514	0
52515	4
52516	0
52517	0
52518	0
52519	0
52520	0
52521	0
52522	0
52523	0
52524	3
52525	0
52526	0
52527	1
52528	4
52529	0
52530	0
52531	0
52532	10
52533	0
52534	1
52535	0
52536	0
52537	4
52538	4
52539	0
52540	0
52541	1
52542	0
52543	0
52544	0
52545	1
52546	0
52547	0
52548	0
52549	0
52550	0
52551	0
52552	1
52553	0
52554	5
52555	0
52556	0
52557	0
52558	0
52559	0
52560	0
52561	4
52562	0
52563	0
52564	1
52565	0
52566	0
52567	3
52568	0
52569	0
52570	0
52571	0
52572	0
52573	0
52574	1
52575	2
52576	0
52577	0
52578	1
52579	0
52580	10
52581	75
52582	0
52583	0
52584	0
52585	0
52586	0
52587	1
52588	5
52589	0
52590	0
52591	0
52592	4
52593	0
52594	0
52595	4
52596	0
52597	0
52598	1
52599	0
52600	0
52601	0
52602	0
52603	0
52604	0
52605	4
52606	4
52607	0
52608	1
52609	0
52610	4
52611	0
52612	5
52613	0
52614	1
52615	0
52616	9
52617	46
52618	4
52619	59
52620	57
52621	19
52622	0
52623	21
52624	10
52625	0
52626	14
52627	16
52628	0
52629	0
52630	2
52631	4
52632	0
52633	0
52634	0
52635	0
52636	1
52637	4
52638	0
52639	0
52640	0
52641	0
52642	0
52643	0
52644	4
52645	0
52646	0
52647	0
52648	1
52649	2
52650	35
52651	0
52652	0
52653	0
52654	4
52655	0
52656	25
52657	0
52658	16
52659	0
52660	0
52661	0
52662	17
52663	0
52664	0
52665	0
52666	1
52667	0
52668	0
52669	0
52670	0
52671	0
52672	0
52673	1
52674	2
52675	0
52676	25
52677	4
52678	0
52679	16
52680	7
52681	1
52682	0
52683	0
52684	0
52685	0
52686	1
52687	0
52688	24
52689	59
52690	0
52691	0
52692	10
52693	0
52694	0
52695	1
52696	0
52697	0
52698	1
52699	0
52700	6
52701	0
52702	0
52703	0
52704	0
52705	0
52706	0
52707	0
52708	0
52709	0
52710	1
52711	0
52712	0
52713	0
52714	24
52715	0
52716	2
52717	4
52718	2
52719	11
52720	0
52721	0
52722	33
52723	27
52724	10
52725	0
52726	0
52727	0
52728	8
52729	24
52730	0
52731	0
52732	0
52733	1
52734	4
52735	0
52736	0
52737	0
52738	0
52739	0
52740	0
52741	0
52742	0
52743	4
52744	0
52745	0
52746	4
52747	1
52748	0
52749	1
52750	0
52751	0
52752	120
52753	1
52754	0
52755	7
52756	0
52757	0
52758	0
52759	0
52760	0
52761	4
52762	0
52763	4
52764	0
52765	0
52766	1
52767	0
52768	0
52769	10
52770	10
52771	0
52772	0
52773	0
52774	0
52775	19
52776	1
52777	0
52778	1
52779	0
52780	1
52781	52
52782	0
52783	0
52784	5
52785	0
52786	4
52787	0
52788	0
52789	0
52790	0
52791	0
52792	0
52793	10
52794	1
52795	2
52796	0
52797	4
52798	0
52799	13
52800	0
52801	0
52802	0
52803	0
52804	0
52805	0
52806	0
52807	0
52808	1
52809	0
52810	1
52811	9
52812	55
52813	17
52814	0
52815	0
52816	9
52817	18
52818	2
52819	1
52820	0
52821	0
52822	0
52823	1
52824	4
52825	0
52826	1
52827	0
52828	0
52829	0
52830	2
52831	0
52832	0
52833	11
52834	71
52835	0
52836	0
52837	0
52838	0
52839	4
52840	0
52841	6
52842	0
52843	0
52844	0
52845	10
52846	10
52847	0
52848	0
52849	0
52850	0
52851	1
52852	0
52853	0
52854	0
52855	7
52856	13
52857	0
52858	0
52859	0
52860	0
52861	0
52862	0
52863	0
52864	0
52865	0
52866	0
52867	0
52868	0
52869	4
52870	0
52871	1
52872	0
52873	10
52874	0
52875	0
52876	1
52877	0
52878	0
52879	0
52880	13
52881	0
52882	10
52883	4
52884	0
52885	1
52886	16
52887	1
52888	0
52889	0
52890	0
52891	1
52892	0
52893	0
52894	0
52895	0
52896	16
52897	0
52898	0
52899	0
52900	0
52901	2
52902	0
52903	0
52904	0
52905	0
52906	0
52907	73
52908	79
52909	0
52910	0
52911	0
