47835	0
47836	7
47837	7
47838	3
47839	7
47840	0
47841	0
47842	0
47843	0
47844	4
47845	0
47846	2
47847	0
47848	0
47849	7
47850	0
47851	0
47852	0
47853	0
47854	0
47855	10
47856	0
47857	0
47858	0
47859	1
47860	0
47861	0
47862	0
47863	0
47864	0
47865	2
47866	1
47867	0
47868	0
47869	1
47870	0
47871	21
47872	0
47873	0
47874	0
47875	4
47876	0
47877	0
47878	4
47879	0
47880	0
47881	1
47882	0
47883	1
47884	4
47885	10
47886	0
47887	0
47888	2
47889	0
47890	0
47891	0
47892	0
47893	2
47894	11
47895	0
47896	0
47897	0
47898	10
47899	1
47900	79
47901	0
47902	36
47903	0
47904	4
47905	0
47906	5
47907	0
47908	1
47909	18
47910	26
47911	0
47912	0
47913	0
47914	0
47915	0
47916	0
47917	4
47918	0
47919	0
47920	0
47921	0
47922	0
47923	0
47924	0
47925	0
47926	0
47927	0
47928	4
47929	4
47930	0
47931	0
47932	9
47933	0
47934	1
47935	1
47936	7
47937	0
47938	7
47939	12
47940	22
47941	7
47942	0
47943	0
47944	0
47945	51
47946	0
47947	0
47948	0
47949	0
47950	0
47951	0
47952	0
47953	0
47954	0
47955	0
47956	0
47957	0
47958	7
47959	0
47960	0
47961	0
47962	3
47963	1
47964	0
47965	0
47966	0
47967	1
47968	0
47969	0
47970	0
47971	0
47972	0
47973	0
47974	0
47975	0
47976	0
47977	0
47978	2
47979	0
47980	0
47981	0
47982	0
47983	4
47984	0
47985	0
47986	0
47987	0
47988	4
47989	1
47990	0
47991	4
47992	0
47993	1
47994	7
47995	0
47996	0
47997	0
47998	0
47999	7
48000	2
48001	0
48002	0
48003	0
48004	0
48005	0
48006	0
48007	0
48008	0
48009	10
48010	1
48011	7
48012	2
48013	0
48014	0
48015	0
48016	0
48017	1
48018	2
48019	0
48020	0
48021	0
48022	1
48023	2
48024	2
48025	0
48026	0
48027	4
48028	22
48029	0
48030	0
48031	4
48032	0
48033	5
48034	4
48035	32
48036	1
48037	0
48038	0
48039	0
48040	0
48041	0
48042	0
48043	0
48044	0
48045	0
48046	4
48047	0
48048	1
48049	0
48050	10
48051	0
48052	0
48053	0
48054	10
48055	1
48056	2
48057	0
48058	4
48059	1
48060	1
48061	0
48062	0
48063	0
48064	0
48065	0
48066	0
48067	4
48068	0
48069	0
48070	0
48071	4
48072	7
48073	7
48074	0
48075	0
48076	7
48077	0
48078	0
48079	0
48080	0
48081	0
48082	1
48083	16
48084	0
48085	1
48086	0
48087	0
48088	4
48089	0
48090	0
48091	0
48092	1
48093	0
48094	0
48095	0
48096	4
48097	10
48098	0
48099	0
48100	0
48101	135
48102	18
48103	2
48104	0
48105	0
48106	1
48107	16
48108	0
48109	3
48110	0
48111	0
48112	0
48113	0
48114	0
48115	0
48116	0
48117	16
48118	1
48119	0
48120	0
48121	0
48122	0
48123	0
48124	0
48125	0
48126	0
48127	0
48128	0
48129	0
48130	1
48131	0
48132	1
48133	0
48134	0
48135	0
48136	10
48137	10
48138	0
48139	0
48140	0
48141	0
48142	4
48143	0
48144	0
48145	1
48146	0
48147	11
48148	19
48149	1
48150	0
48151	0
48152	3
48153	16
48154	16
48155	6
48156	0
48157	0
48158	0
48159	0
48160	4
48161	0
48162	0
48163	0
48164	0
48165	1
48166	0
48167	0
48168	0
48169	39
48170	0
48171	0
48172	10
48173	0
48174	0
48175	0
48176	0
48177	0
48178	4
48179	0
48180	4
48181	0
48182	0
48183	4
48184	0
48185	0
48186	0
48187	0
48188	0
48189	0
48190	1
48191	0
48192	0
48193	1
48194	1
48195	0
48196	2
48197	0
48198	16
48199	0
48200	7
48201	20
48202	153
48203	4
48204	19
48205	51
48206	0
48207	4
48208	0
48209	6
48210	1
48211	0
48212	0
48213	0
48214	0
48215	0
48216	1
48217	16
48218	2
48219	0
48220	0
48221	0
48222	0
48223	0
48224	16
48225	2
48226	0
48227	0
48228	0
48229	0
48230	43
48231	3
48232	0
48233	10
48234	10
48235	4
48236	0
48237	0
48238	0
48239	0
48240	0
48241	0
48242	1
48243	0
48244	0
48245	10
48246	20
48247	5
48248	0
48249	0
48250	0
48251	4
48252	2
48253	0
48254	0
48255	0
48256	1
48257	9
48258	0
48259	0
48260	0
48261	0
48262	0
48263	1
48264	0
48265	0
48266	27
48267	3
48268	0
48269	1
48270	2
48271	60
48272	27
48273	86
48274	149
48275	0
48276	4
48277	9
48278	5
48279	0
48280	0
48281	0
48282	0
48283	0
48284	2
48285	0
48286	0
48287	0
48288	1
48289	0
48290	0
48291	25
48292	0
48293	0
48294	0
48295	0
48296	0
48297	2
48298	0
48299	0
48300	54
48301	0
48302	0
48303	0
48304	0
48305	0
48306	4
48307	0
48308	0
48309	16
48310	2
48311	4
48312	0
48313	0
48314	7
48315	22
48316	4
48317	1
48318	0
48319	10
48320	1
48321	0
48322	0
48323	0
48324	0
48325	0
48326	0
48327	0
48328	0
48329	0
48330	0
48331	0
48332	3
48333	1
48334	0
48335	0
48336	0
48337	0
48338	30
48339	0
48340	2
48341	0
48342	13
48343	0
48344	1
48345	0
48346	15
48347	3
48348	1
48349	1
48350	0
48351	0
48352	0
48353	0
48354	0
48355	0
48356	0
48357	0
48358	0
48359	5
48360	0
48361	0
48362	0
48363	25
48364	4
48365	4
48366	0
48367	0
48368	0
48369	0
48370	40
48371	69
48372	0
48373	4
48374	1
48375	237
48376	4
48377	0
48378	0
48379	0
48380	16
48381	26
48382	16
48383	0
48384	0
48385	7
48386	1
48387	0
48388	0
48389	0
48390	1
48391	1
48392	0
48393	10
48394	0
48395	0
48396	16
48397	0
48398	0
48399	0
48400	0
48401	1
48402	0
48403	0
48404	0
48405	7
48406	0
48407	16
48408	4
48409	0
48410	0
48411	18
48412	0
48413	4
48414	0
48415	0
48416	0
48417	1
48418	0
48419	0
48420	0
48421	0
48422	0
48423	0
48424	0
48425	0
48426	0
48427	10
48428	0
48429	0
48430	0
48431	0
48432	4
48433	42
48434	35
48435	1
48436	16
48437	1
48438	7
48439	1
48440	12
48441	6
48442	5
48443	1
48444	2
48445	76
48446	3
48447	1
48448	1
48449	16
48450	0
48451	0
48452	0
48453	22
48454	0
48455	0
48456	2
48457	80
48458	0
48459	0
48460	0
48461	0
48462	0
48463	1
48464	0
48465	1
48466	0
48467	0
48468	0
48469	0
48470	0
48471	0
48472	0
48473	0
48474	0
48475	0
48476	16
48477	0
48478	2
48479	7
48480	1
48481	0
48482	0
48483	0
48484	0
48485	0
48486	0
48487	0
48488	0
48489	2
48490	0
48491	0
48492	3
48493	0
48494	3
48495	0
48496	4
48497	14
48498	1
48499	0
48500	1
48501	10
48502	0
48503	0
48504	7
48505	69
48506	63
48507	1
48508	0
48509	0
48510	4
48511	0
48512	2
48513	2
48514	0
48515	0
48516	0
48517	0
48518	0
48519	0
48520	10
48521	0
48522	0
48523	0
48524	0
48525	0
48526	0
48527	0
48528	12
48529	0
48530	3
48531	1
48532	0
48533	0
48534	0
48535	0
48536	4
48537	4
48538	5
48539	28
48540	25
48541	0
48542	0
48543	0
48544	0
48545	1
48546	0
48547	0
48548	1
48549	0
48550	1
48551	0
48552	4
48553	0
48554	0
48555	10
48556	0
48557	1
48558	0
48559	1
48560	0
48561	4
48562	0
48563	1
48564	1
48565	0
48566	10
48567	19
48568	8
48569	4
48570	0
48571	0
48572	0
48573	0
48574	0
48575	1
48576	0
48577	6
48578	0
48579	4
48580	1
48581	0
48582	0
48583	0
48584	4
48585	0
48586	3
48587	0
48588	0
48589	0
48590	4
48591	0
48592	0
48593	0
48594	0
48595	1
