5383	0
5384	0
5385	1
5386	0
5387	21
5388	0
5389	0
5390	1
5391	0
5392	0
5393	0
5394	0
5395	0
5396	2
5397	0
5398	45
5399	0
5400	0
5401	0
5402	16
5403	0
5404	10
5405	0
5406	4
5407	0
5408	0
5409	0
5410	0
5411	0
5412	0
5413	0
5414	18
5415	4
5416	0
5417	4
5418	0
5419	1
5420	0
5421	0
5422	7
5423	1
5424	4
5425	23
5426	4
5427	0
5428	0
5429	4
5430	0
5431	0
5432	109
5433	66
5434	0
5435	1
5436	0
5437	0
5438	1
5439	2
5440	0
5441	0
5442	0
5443	4
5444	0
5445	0
5446	0
5447	0
5448	16
5449	16
5450	16
5451	4
5452	0
5453	0
5454	16
5455	0
5456	0
5457	0
5458	2
5459	0
5460	0
5461	0
5462	46
5463	5
5464	0
5465	4
5466	1
5467	0
5468	0
5469	2
5470	0
5471	2
5472	0
5473	0
5474	0
5475	4
5476	56
5477	0
5478	0
5479	0
5480	1
5481	0
5482	0
5483	0
5484	2
5485	0
5486	0
5487	7
5488	0
5489	0
5490	0
5491	0
5492	0
5493	0
5494	38
5495	0
5496	2
5497	1
5498	0
5499	1
5500	4
5501	0
5502	0
5503	0
5504	0
5505	0
5506	0
5507	0
5508	0
5509	0
5510	0
5511	22
5512	0
5513	15
5514	0
5515	0
5516	1
5517	0
5518	0
5519	5
5520	28
5521	107
5522	0
5523	0
5524	0
5525	0
5526	116
5527	104
5528	0
5529	0
5530	1
5531	4
5532	0
5533	1
5534	0
5535	0
5536	0
5537	0
5538	2
5539	0
5540	0
5541	0
5542	0
5543	0
5544	60
5545	18
5546	0
5547	0
5548	0
5549	0
5550	0
5551	0
5552	0
5553	0
5554	25
5555	16
5556	0
5557	0
5558	0
5559	0
5560	0
5561	0
5562	0
5563	0
5564	91
5565	0
5566	0
5567	0
5568	7
5569	10
5570	0
5571	9
5572	0
5573	0
5574	4
5575	0
5576	0
5577	1
5578	0
5579	10
5580	0
5581	0
5582	46
5583	0
5584	0
5585	0
5586	0
5587	0
5588	0
5589	4
5590	1
5591	0
5592	0
5593	11
5594	1
5595	0
5596	0
5597	0
5598	0
5599	2
5600	0
5601	0
5602	0
5603	66
5604	3
5605	7
5606	0
5607	4
5608	10
5609	0
5610	122
5611	2
5612	33
5613	0
5614	0
5615	0
5616	0
5617	0
5618	0
5619	0
5620	0
5621	2
5622	0
5623	0
5624	3
5625	23
5626	4
5627	0
5628	0
5629	0
5630	31
5631	139
5632	0
5633	0
5634	0
5635	0
5636	0
5637	0
5638	55
5639	120
5640	0
5641	0
5642	0
5643	0
5644	0
5645	3
5646	10
5647	0
5648	1
5649	0
5650	2
5651	18
5652	1
5653	3
5654	0
5655	0
5656	0
5657	0
5658	0
5659	0
5660	2
5661	0
5662	0
5663	16
5664	0
5665	0
5666	7
5667	0
5668	7
5669	0
5670	0
5671	0
5672	0
5673	0
5674	11
5675	0
5676	0
5677	0
5678	29
5679	0
5680	0
5681	0
5682	0
5683	1
5684	1
5685	7
5686	0
5687	0
5688	0
5689	7
5690	0
5691	0
5692	58
5693	1
5694	4
5695	0
5696	0
5697	0
5698	22
5699	0
5700	0
5701	0
5702	0
5703	5
5704	21
5705	2
5706	1
5707	0
5708	0
5709	0
5710	4
5711	0
5712	0
5713	0
5714	22
5715	0
5716	0
5717	0
5718	0
5719	1
5720	0
5721	0
5722	17
5723	0
5724	1
5725	0
5726	7
5727	0
5728	0
5729	0
5730	0
5731	2
5732	7
5733	0
5734	0
5735	0
5736	69
5737	0
5738	0
5739	0
5740	0
5741	0
5742	0
5743	0
5744	0
5745	0
5746	0
5747	0
5748	0
5749	7
5750	10
5751	0
5752	0
5753	0
5754	0
5755	0
5756	0
5757	0
5758	25
5759	17
5760	72
5761	116
5762	0
5763	0
5764	1
5765	0
5766	5
5767	0
5768	0
5769	0
5770	0
5771	0
5772	7
5773	0
5774	0
5775	0
5776	0
5777	0
5778	1
5779	0
5780	0
5781	9
5782	0
5783	1
5784	0
5785	0
5786	0
5787	1
5788	35
5789	0
5790	0
5791	0
5792	18
5793	0
5794	0
5795	0
5796	0
5797	0
5798	24
5799	1
5800	2
5801	0
5802	0
5803	0
5804	0
5805	0
5806	1
5807	10
5808	113
5809	16
5810	0
5811	0
5812	0
5813	0
5814	16
5815	7
5816	0
5817	0
5818	0
5819	0
5820	0
5821	0
5822	0
5823	0
5824	0
5825	0
5826	1
5827	4
5828	1
5829	0
5830	0
5831	0
5832	0
5833	0
5834	2
5835	0
5836	1
5837	1
5838	0
5839	0
5840	0
5841	0
5842	0
5843	29
5844	6
5845	1
5846	0
5847	0
5848	0
5849	0
5850	0
5851	0
5852	2
5853	4
5854	8
5855	1
5856	2
5857	0
5858	0
5859	1
5860	0
5861	0
5862	1
5863	0
5864	0
5865	0
5866	2
5867	0
5868	0
5869	0
5870	0
5871	0
5872	0
5873	5
5874	0
5875	4
5876	4
5877	25
5878	75
5879	7
5880	0
5881	0
5882	0
5883	4
5884	83
5885	0
5886	0
5887	7
5888	9
5889	0
5890	0
5891	0
5892	16
5893	0
5894	5
5895	0
5896	0
5897	0
5898	1
5899	0
5900	0
5901	0
5902	0
5903	0
5904	0
5905	0
5906	1
5907	0
5908	0
5909	0
5910	0
5911	0
5912	63
5913	0
5914	1
5915	0
5916	0
5917	27
5918	22
5919	0
5920	0
5921	1
5922	0
5923	0
5924	3
5925	1
5926	0
5927	0
5928	0
5929	0
5930	5
5931	0
5932	0
5933	7
5934	0
5935	10
5936	0
5937	0
5938	0
5939	0
5940	0
5941	18
5942	4
5943	1
5944	0
5945	1
5946	0
5947	0
5948	16
5949	0
5950	0
5951	0
5952	10
5953	39
5954	1
5955	0
5956	0
5957	0
5958	0
5959	0
5960	0
5961	0
5962	44
5963	27
5964	83
5965	4
5966	96
5967	1
5968	11
5969	10
5970	0
5971	0
5972	52
5973	69
5974	0
5975	4
5976	0
5977	0
5978	78
5979	0
5980	0
5981	0
5982	0
5983	0
5984	0
5985	7
5986	5
5987	2
5988	0
5989	0
5990	0
5991	1
5992	0
5993	0
5994	0
5995	2
5996	22
5997	0
5998	0
5999	0
6000	0
6001	7
6002	0
6003	69
6004	0
6005	0
6006	1
6007	13
6008	0
6009	2
6010	0
6011	4
6012	0
6013	0
6014	0
6015	18
6016	2
6017	0
6018	0
6019	10
6020	10
6021	4
6022	0
6023	0
6024	0
6025	0
6026	0
6027	0
6028	0
6029	0
6030	0
6031	0
6032	0
6033	0
6034	0
6035	72
6036	0
6037	4
6038	1
6039	4
6040	1
6041	4
6042	0
6043	15
6044	0
6045	2
6046	0
6047	1
6048	0
6049	0
6050	0
6051	0
6052	4
6053	0
6054	29
6055	0
6056	3
6057	62
6058	19
6059	0
6060	0
6061	0
6062	0
6063	0
6064	0
6065	0
6066	26
6067	29
6068	0
6069	1
6070	18
6071	0
6072	1
6073	4
6074	0
6075	0
6076	0
6077	7
6078	25
6079	25
6080	7
6081	7
6082	20
6083	2
6084	7
6085	0
6086	0
6087	0
6088	0
6089	0
6090	0
6091	0
6092	18
6093	0
6094	0
6095	0
6096	0
6097	0
6098	0
6099	0
6100	0
6101	0
6102	0
6103	0
6104	0
6105	0
6106	0
6107	0
6108	0
6109	0
6110	0
6111	1
6112	36
6113	53
6114	0
6115	0
6116	0
6117	0
6118	1
6119	0
6120	213
6121	0
6122	0
6123	0
6124	0
6125	0
6126	0
6127	0
6128	11
6129	4
6130	12
6131	1
6132	23
6133	11
6134	0
6135	0
6136	0
6137	4
6138	16
6139	0
6140	0
6141	0
6142	0
6143	0
6144	32
6145	0
6146	4
6147	0
6148	0
6149	0
6150	0
6151	0
6152	0
6153	0
6154	0
6155	0
6156	0
6157	0
6158	0
6159	0
6160	12
6161	0
6162	34
6163	8
6164	0
6165	0
6166	0
6167	0
6168	0
6169	0
6170	0
6171	0
6172	0
6173	4
6174	3
6175	16
6176	1
6177	0
6178	0
6179	0
6180	25
6181	0
6182	16
6183	1
6184	0
6185	16
6186	0
6187	0
6188	0
6189	0
6190	0
6191	0
6192	0
6193	0
6194	0
6195	0
6196	0
6197	4
6198	0
6199	0
6200	0
6201	16
6202	0
6203	62
6204	0
6205	2
6206	0
6207	0
6208	0
6209	0
6210	0
6211	0
6212	0
6213	54
6214	41
6215	83
6216	20
6217	0
6218	0
6219	0
6220	0
6221	0
6222	0
6223	0
6224	0
6225	0
6226	0
6227	12
6228	0
6229	1
6230	0
6231	0
6232	0
6233	1
6234	1
6235	1
6236	0
6237	4
6238	11
6239	0
6240	0
6241	0
6242	0
6243	1
6244	0
6245	4
6246	0
6247	22
6248	7
6249	33
6250	12
6251	0
6252	1
6253	0
6254	0
6255	0
6256	7
6257	0
6258	1
6259	4
6260	4
6261	0
6262	0
6263	0
6264	0
6265	4
6266	1
6267	0
6268	32
6269	32
6270	2
6271	7
6272	0
6273	7
6274	0
6275	0
6276	0
6277	0
6278	7
6279	0
6280	0
6281	0
6282	4
6283	0
6284	1
6285	0
6286	0
6287	4
6288	0
6289	0
6290	0
6291	1
6292	0
6293	0
6294	1
6295	0
6296	0
6297	2
6298	0
6299	2
6300	2
6301	0
6302	0
6303	0
6304	6
6305	1
6306	10
6307	0
6308	10
6309	4
6310	0
6311	0
6312	1
6313	38
6314	0
6315	0
6316	0
6317	0
6318	0
6319	0
6320	7
6321	25
6322	0
6323	0
6324	0
6325	0
6326	0
6327	18
6328	0
6329	4
6330	0
6331	12
6332	7
6333	4
6334	0
6335	0
6336	0
6337	0
6338	0
6339	0
6340	0
6341	4
6342	0
6343	0
6344	10
6345	0
6346	95
6347	0
6348	3
6349	0
6350	0
6351	0
6352	0
6353	2
6354	62
6355	0
6356	0
6357	16
6358	0
6359	6
6360	0
6361	0
6362	0
6363	0
6364	13
6365	101
6366	1
6367	1
6368	0
6369	22
6370	10
6371	2
6372	15
6373	1
6374	0
6375	4
6376	0
6377	4
6378	0
6379	0
6380	0
6381	43
6382	0
6383	0
6384	21
6385	0
6386	0
6387	0
6388	0
6389	0
6390	0
6391	4
6392	0
6393	0
6394	0
6395	4
6396	49
6397	0
6398	4
6399	1
6400	0
6401	11
6402	0
6403	0
6404	1
6405	0
6406	0
6407	15
6408	2
6409	0
6410	0
6411	0
6412	0
6413	0
6414	0
6415	0
6416	0
6417	0
6418	0
6419	0
6420	0
6421	19
6422	0
6423	0
6424	0
6425	86
6426	2
6427	0
6428	0
6429	0
6430	0
6431	7
6432	3
6433	16
6434	0
6435	0
6436	0
6437	0
6438	16
6439	0
6440	0
6441	0
6442	0
6443	5
6444	0
6445	0
6446	0
6447	0
6448	0
6449	4
6450	0
6451	0
6452	9
6453	0
6454	0
6455	24
6456	146
6457	0
6458	1
6459	0
6460	0
6461	17
6462	10
6463	0
6464	0
6465	0
6466	2
6467	0
6468	0
6469	68
6470	4
6471	22
6472	0
6473	0
6474	48
6475	72
6476	0
6477	0
6478	0
6479	0
6480	4
6481	0
6482	0
6483	0
6484	16
6485	0
6486	0
6487	0
6488	0
6489	0
6490	0
6491	0
6492	0
6493	0
6494	0
6495	10
6496	1
6497	7
6498	0
6499	0
6500	0
6501	22
6502	0
6503	0
6504	0
6505	0
6506	0
6507	0
6508	0
6509	25
6510	7
6511	0
6512	0
6513	0
6514	0
6515	121
6516	15
6517	4
6518	1
6519	0
6520	0
6521	0
6522	0
6523	1
6524	0
6525	0
6526	0
6527	0
6528	0
