97650	0
97651	0
97652	0
97653	0
97654	0
97655	0
97656	0
97657	0
97658	0
97659	0
97660	0
97661	0
97662	0
97663	0
97664	2
97665	0
97666	0
97667	0
97668	0
97669	0
97670	44
97671	10
97672	2
97673	0
97674	6
97675	0
97676	0
97677	0
97678	38
97679	7
97680	2
97681	0
97682	0
97683	0
97684	0
97685	0
97686	0
97687	0
97688	1
97689	25
97690	0
97691	10
97692	1
97693	22
97694	4
97695	101
97696	86
97697	69
97698	1
97699	88
97700	46
97701	1
97702	1
97703	4
97704	0
97705	0
97706	0
97707	0
97708	0
97709	11
97710	0
97711	0
97712	0
97713	4
97714	16
97715	0
97716	0
97717	0
97718	0
97719	22
97720	0
97721	25
97722	0
97723	1
97724	0
97725	1
97726	0
97727	0
97728	0
97729	0
97730	0
97731	30
97732	14
97733	0
97734	0
97735	80
97736	0
97737	0
97738	7
97739	0
97740	0
97741	0
97742	0
97743	0
97744	10
97745	0
97746	0
97747	3
97748	0
97749	1
97750	0
97751	36
97752	7
97753	0
97754	0
97755	7
97756	0
97757	0
97758	2
97759	0
97760	22
97761	4
97762	0
97763	0
97764	16
97765	0
97766	2
97767	0
97768	0
97769	0
97770	4
97771	0
97772	1
97773	1
97774	9
97775	52
97776	0
97777	16
97778	0
97779	0
97780	1
97781	2
97782	1
97783	24
97784	40
97785	0
97786	0
97787	1
97788	0
97789	1
97790	0
97791	1
97792	10
97793	0
97794	0
97795	0
97796	0
97797	0
97798	7
97799	0
97800	0
97801	7
97802	1
97803	0
97804	0
97805	4
97806	26
97807	0
97808	0
97809	2
97810	0
97811	0
97812	0
97813	1
97814	0
97815	0
97816	87
97817	7
97818	0
97819	4
97820	3
97821	0
97822	0
97823	0
97824	0
97825	0
97826	0
97827	0
97828	0
97829	0
97830	29
97831	2
97832	0
97833	0
97834	0
97835	0
97836	7
97837	1
97838	10
97839	0
97840	7
97841	33
97842	45
97843	31
97844	17
97845	1
97846	0
97847	1
97848	36
97849	1
97850	0
97851	0
97852	2
97853	15
97854	8
97855	16
97856	1
97857	0
97858	0
97859	0
97860	0
97861	41
97862	0
97863	0
97864	1
97865	0
97866	0
97867	10
97868	2
97869	1
97870	4
97871	5
97872	0
97873	0
97874	1
97875	0
97876	0
97877	4
97878	0
97879	0
97880	0
97881	0
97882	0
97883	23
97884	0
97885	0
97886	0
97887	2
97888	1
97889	0
97890	0
97891	1
97892	0
97893	0
97894	1
97895	4
97896	0
97897	0
97898	0
97899	0
97900	0
97901	0
97902	38
97903	12
97904	13
97905	0
97906	2
97907	4
97908	4
97909	10
97910	0
97911	0
97912	0
97913	1
97914	0
97915	0
97916	1
97917	16
97918	1
97919	1
97920	202
97921	0
97922	0
97923	0
97924	0
97925	0
97926	0
97927	0
97928	0
97929	0
97930	0
97931	4
97932	0
97933	0
97934	0
97935	22
97936	74
97937	10
97938	0
97939	1
97940	0
97941	1
97942	0
97943	1
97944	0
97945	4
97946	1
97947	0
97948	0
97949	0
97950	0
97951	0
97952	0
97953	0
97954	0
97955	73
97956	41
97957	0
97958	0
97959	0
97960	0
97961	0
97962	112
97963	0
97964	1
97965	0
97966	0
97967	0
97968	16
97969	0
97970	0
97971	0
97972	0
97973	0
97974	4
97975	0
97976	16
97977	0
97978	1
97979	0
97980	4
97981	0
97982	0
97983	0
97984	1
97985	1
97986	0
97987	0
97988	0
97989	1
97990	0
97991	25
97992	16
97993	0
97994	0
97995	0
97996	1
97997	0
97998	2
97999	0
98000	0
98001	0
98002	10
98003	1
98004	0
98005	0
98006	4
98007	4
98008	4
98009	1
98010	0
98011	4
98012	3
98013	0
98014	0
98015	0
98016	1
98017	0
98018	2
98019	63
98020	75
98021	0
98022	78
98023	4
98024	0
98025	0
98026	4
98027	0
98028	1
98029	0
98030	0
98031	0
98032	0
98033	0
98034	0
98035	0
98036	1
98037	0
98038	0
98039	0
98040	0
98041	3
98042	16
98043	0
98044	0
98045	0
98046	29
98047	0
98048	0
98049	4
98050	0
98051	0
98052	33
98053	4
98054	1
98055	0
98056	0
98057	0
98058	0
98059	0
98060	4
98061	0
98062	0
98063	86
98064	0
98065	0
98066	50
98067	0
98068	1
98069	2
98070	5
98071	3
98072	0
98073	84
98074	0
98075	63
98076	0
98077	56
98078	0
98079	0
98080	40
98081	0
98082	0
98083	0
98084	10
98085	3
98086	0
98087	4
98088	0
98089	0
98090	1
98091	0
98092	0
98093	0
98094	0
98095	1
98096	0
98097	0
98098	0
98099	0
98100	1
98101	0
98102	22
98103	0
98104	7
98105	0
98106	1
98107	2
98108	11
98109	3
98110	0
98111	0
98112	0
98113	0
98114	25
98115	0
98116	0
98117	7
98118	0
98119	1
98120	1
98121	2
98122	0
98123	7
98124	16
98125	2
98126	2
98127	1
98128	0
98129	3
98130	16
98131	10
98132	0
98133	21
98134	30
98135	1
98136	83
98137	0
98138	0
98139	0
98140	113
98141	2
98142	0
98143	0
98144	0
98145	4
98146	0
98147	0
98148	1
98149	0
98150	2
98151	4
98152	0
98153	10
98154	0
98155	0
98156	0
98157	0
98158	78
98159	1
98160	0
98161	9
98162	7
98163	16
98164	7
98165	2
98166	1
98167	0
98168	4
98169	4
98170	1
98171	0
98172	0
98173	16
98174	0
98175	4
98176	0
98177	0
98178	0
98179	0
98180	0
98181	0
98182	0
98183	0
98184	0
98185	0
98186	1
98187	0
98188	4
98189	0
98190	1
98191	0
98192	0
98193	0
98194	0
98195	7
98196	7
98197	101
98198	5
98199	7
98200	0
98201	0
98202	1
98203	0
98204	0
98205	0
98206	0
98207	16
98208	16
98209	7
98210	76
98211	0
98212	31
98213	0
98214	4
98215	4
98216	0
98217	0
98218	17
98219	0
98220	2
98221	0
98222	0
98223	0
98224	0
98225	0
98226	0
98227	1
98228	7
98229	0
98230	2
98231	0
98232	0
98233	0
98234	0
98235	0
98236	0
98237	0
98238	8
98239	0
98240	7
98241	1
98242	0
98243	1
98244	0
98245	10
98246	4
98247	1
98248	0
98249	0
98250	0
98251	0
98252	0
98253	2
98254	0
98255	0
98256	10
98257	1
98258	4
98259	0
98260	0
98261	0
98262	16
98263	0
98264	0
98265	0
98266	4
98267	1
98268	0
98269	0
98270	0
98271	47
98272	7
98273	19
98274	0
98275	0
98276	18
98277	7
98278	0
98279	0
98280	0
98281	10
98282	52
98283	76
98284	71
98285	7
98286	0
98287	0
98288	4
98289	0
98290	1
98291	111
98292	23
98293	0
98294	0
98295	0
98296	0
98297	1
98298	0
98299	0
98300	2
98301	1
98302	16
98303	0
98304	0
98305	0
98306	1
98307	0
98308	0
98309	1
98310	13
98311	0
98312	0
98313	63
98314	0
98315	8
98316	0
98317	0
98318	7
98319	0
98320	0
98321	0
98322	0
98323	1
98324	4
98325	51
98326	0
98327	0
98328	0
98329	122
98330	0
98331	0
98332	10
98333	3
98334	0
98335	4
98336	0
98337	1
98338	0
98339	1
98340	0
98341	16
98342	47
98343	43
98344	31
98345	0
98346	0
98347	1
98348	0
98349	0
98350	0
98351	29
98352	4
98353	1
98354	3
98355	9
98356	11
98357	9
98358	0
98359	1
98360	0
98361	0
98362	4
98363	0
98364	0
98365	0
98366	0
98367	0
98368	0
98369	0
98370	0
98371	0
98372	0
98373	0
98374	0
98375	0
98376	14
98377	10
98378	4
98379	16
98380	27
98381	0
98382	0
98383	4
98384	0
98385	0
98386	0
98387	16
98388	28
98389	7
98390	4
98391	0
98392	0
98393	46
98394	1
98395	0
98396	0
98397	0
98398	0
98399	4
98400	1
98401	0
98402	0
98403	0
98404	16
98405	1
98406	0
98407	0
98408	0
98409	10
98410	4
98411	0
98412	15
98413	5
98414	0
98415	0
98416	0
98417	0
98418	10
98419	48
98420	0
98421	0
98422	0
98423	4
98424	7
98425	1
98426	46
98427	0
98428	2
98429	0
98430	16
98431	0
98432	0
98433	10
98434	0
98435	0
98436	4
98437	0
98438	0
98439	4
98440	10
98441	0
98442	0
98443	0
98444	0
98445	49
98446	0
98447	1
98448	0
98449	0
98450	10
98451	0
98452	10
98453	4
98454	9
98455	0
98456	0
98457	0
98458	38
98459	6
98460	58
98461	0
98462	0
98463	10
98464	2
98465	1
98466	0
98467	0
98468	0
98469	0
98470	2
98471	0
98472	13
98473	10
98474	86
98475	0
98476	0
98477	0
98478	0
98479	4
98480	10
98481	1
98482	0
98483	0
98484	4
98485	7
98486	0
98487	0
98488	0
98489	0
98490	0
98491	0
98492	0
98493	0
98494	0
98495	0
98496	12
98497	59
98498	126
98499	0
98500	1
98501	0
98502	0
98503	0
98504	0
98505	10
98506	4
98507	10
98508	10
98509	0
98510	3
98511	2
98512	0
98513	0
98514	47
98515	9
98516	1
98517	62
98518	44
98519	0
98520	0
98521	0
98522	4
98523	0
98524	0
98525	0
98526	1
98527	0
98528	10
98529	1
98530	0
98531	0
98532	0
98533	4
98534	20
98535	58
98536	6
98537	0
98538	0
98539	0
98540	4
98541	1
98542	4
98543	0
98544	0
98545	1
98546	0
98547	7
98548	0
98549	5
98550	0
98551	26
98552	0
98553	0
98554	4
98555	0
98556	0
98557	14
98558	0
98559	0
98560	0
98561	4
98562	4
98563	1
98564	7
98565	0
98566	0
98567	4
98568	0
98569	0
98570	0
98571	0
98572	4
98573	1
98574	0
98575	4
98576	1
98577	1
98578	16
98579	0
98580	10
98581	0
98582	0
98583	16
98584	0
98585	0
98586	0
98587	0
98588	18
98589	0
98590	0
98591	1
98592	17
98593	1
98594	0
98595	0
98596	0
98597	0
98598	1
98599	0
98600	4
98601	7
98602	18
98603	0
98604	1
98605	0
98606	0
98607	1
98608	0
98609	0
98610	0
98611	0
98612	1
98613	0
98614	0
98615	0
98616	0
98617	0
98618	0
98619	1
98620	9
98621	2
98622	0
98623	4
98624	0
98625	4
98626	3
98627	0
98628	44
98629	0
98630	0
98631	0
98632	1
98633	0
98634	2
98635	5
98636	2
98637	5
98638	0
98639	0
98640	0
98641	0
98642	0
98643	59
98644	86
98645	0
98646	0
98647	0
98648	2
98649	0
98650	0
98651	1
98652	0
98653	0
98654	106
98655	0
98656	0
98657	103
98658	0
98659	0
98660	0
98661	0
98662	0
98663	1
98664	4
98665	0
98666	0
98667	7
98668	1
98669	0
98670	10
98671	4
98672	1
98673	0
98674	16
98675	4
98676	1
98677	0
98678	0
98679	26
98680	0
98681	0
98682	1
98683	0
98684	0
98685	0
98686	4
98687	0
98688	0
98689	4
98690	0
98691	1
98692	0
98693	1
98694	0
98695	0
98696	0
98697	0
98698	0
98699	0
98700	0
98701	0
98702	0
98703	0
98704	0
98705	0
98706	0
98707	0
98708	0
98709	0
98710	22
98711	0
98712	0
98713	0
98714	0
98715	1
98716	0
98717	1
98718	1
98719	0
98720	0
98721	0
98722	1
