2788	25
2789	0
2790	1
2791	10
2792	0
2793	82
2794	7
2795	10
2796	10
2797	0
2798	1
2799	1
2800	0
2801	58
2802	0
2803	4
2804	0
2805	9
2806	0
2807	1
2808	4
2809	0
2810	0
2811	0
2812	0
2813	25
2814	0
2815	4
2816	0
2817	16
2818	0
2819	1
2820	0
2821	0
2822	0
2823	0
2824	69
2825	0
2826	183
2827	1
2828	0
2829	0
2830	0
2831	0
2832	4
2833	0
2834	1
2835	0
2836	0
2837	0
2838	0
2839	16
2840	1
2841	24
2842	10
2843	7
2844	0
2845	94
2846	157
2847	88
2848	22
2849	0
2850	4
2851	0
2852	1
2853	0
2854	0
2855	1
2856	1
2857	0
2858	0
2859	0
2860	0
2861	0
2862	0
2863	13
2864	1
2865	7
2866	0
2867	0
2868	0
2869	0
2870	23
2871	1
2872	0
2873	0
2874	0
2875	0
2876	7
2877	10
2878	0
2879	0
2880	0
2881	0
2882	0
2883	18
2884	4
2885	0
2886	0
2887	0
2888	0
2889	0
2890	25
2891	27
2892	4
2893	0
2894	104
2895	116
2896	0
2897	0
2898	0
2899	37
2900	1
2901	0
2902	0
2903	0
2904	0
2905	2
2906	0
2907	0
2908	0
2909	4
2910	17
2911	2
2912	2
2913	2
2914	0
2915	0
2916	0
2917	6
2918	0
2919	0
2920	10
2921	0
2922	0
2923	1
2924	0
2925	1
2926	6
2927	4
2928	2
2929	100
2930	0
2931	0
2932	0
2933	0
2934	0
2935	16
2936	0
2937	0
2938	16
2939	7
2940	7
2941	0
2942	21
2943	12
2944	0
2945	4
2946	0
2947	0
2948	0
2949	10
2950	0
2951	16
2952	0
2953	0
2954	0
2955	0
2956	71
2957	171
2958	48
2959	0
2960	103
2961	3
2962	71
2963	89
2964	1
2965	0
2966	0
2967	30
2968	23
2969	126
2970	0
2971	0
2972	0
2973	0
2974	0
2975	15
2976	2
2977	0
2978	0
2979	0
2980	0
2981	0
2982	0
2983	0
2984	0
2985	0
2986	0
2987	4
2988	4
2989	0
2990	0
2991	0
2992	6
2993	7
2994	9
2995	0
2996	1
2997	0
2998	0
2999	0
3000	5
3001	0
3002	0
3003	1
3004	6
3005	63
3006	0
3007	8
3008	1
3009	0
3010	0
3011	0
3012	0
3013	0
3014	0
3015	0
3016	0
3017	7
3018	9
3019	8
3020	16
3021	0
3022	0
3023	0
3024	0
3025	0
3026	1
3027	0
3028	1
3029	0
3030	0
3031	0
3032	0
3033	0
3034	1
3035	16
3036	12
3037	0
3038	1
3039	1
3040	4
3041	0
3042	0
3043	1
3044	1
3045	0
3046	0
3047	0
3048	0
3049	0
3050	0
3051	0
3052	0
3053	18
3054	50
3055	0
3056	0
3057	0
3058	2
3059	0
3060	0
3061	16
3062	0
3063	16
3064	1
3065	14
3066	0
3067	0
3068	20
3069	15
3070	0
3071	0
3072	1
3073	10
3074	2
3075	0
3076	0
3077	1
3078	0
3079	0
3080	0
3081	58
3082	0
3083	0
3084	0
3085	16
3086	16
3087	0
3088	4
3089	0
3090	0
3091	34
3092	13
3093	0
3094	46
3095	7
3096	15
3097	3
3098	0
3099	0
3100	4
3101	0
3102	1
3103	4
3104	0
3105	16
3106	0
3107	0
3108	0
3109	0
3110	71
3111	69
3112	0
3113	1
3114	0
3115	0
3116	0
3117	0
3118	4
3119	1
3120	0
3121	0
3122	0
3123	2
3124	1
3125	1
3126	0
3127	0
3128	0
3129	1
3130	0
3131	0
3132	0
3133	1
3134	1
3135	0
3136	3
3137	0
3138	58
3139	0
3140	4
3141	0
3142	0
3143	0
3144	7
3145	0
3146	1
3147	0
3148	0
3149	10
3150	0
3151	14
3152	1
3153	10
3154	19
3155	0
3156	0
3157	33
3158	0
3159	0
3160	4
3161	2
3162	0
3163	0
3164	0
3165	0
3166	0
3167	0
3168	0
3169	0
3170	4
3171	0
3172	0
3173	0
3174	1
3175	43
3176	0
3177	16
3178	16
3179	4
3180	0
3181	12
3182	0
3183	0
3184	0
3185	0
3186	46
3187	0
3188	16
3189	39
3190	1
3191	0
3192	0
3193	0
3194	26
3195	1
3196	23
3197	46
3198	41
3199	6
3200	87
3201	95
3202	7
3203	0
3204	10
3205	0
3206	0
3207	10
3208	4
3209	0
3210	0
3211	7
3212	0
3213	0
3214	5
3215	1
3216	146
3217	72
3218	2
3219	34
3220	0
3221	0
3222	0
3223	0
3224	0
3225	1
3226	43
3227	20
3228	17
3229	0
3230	0
3231	0
3232	8
3233	0
3234	0
3235	0
3236	0
3237	66
3238	0
3239	1
3240	1
3241	2
3242	78
3243	9
3244	16
3245	0
3246	4
3247	0
3248	43
3249	1
3250	9
3251	0
3252	0
3253	33
3254	0
3255	0
3256	8
3257	0
3258	0
3259	0
3260	0
3261	0
3262	0
3263	0
3264	0
3265	0
3266	0
3267	0
3268	0
3269	0
3270	45
3271	0
3272	0
3273	0
3274	0
3275	1
3276	7
3277	7
3278	1
3279	16
3280	0
3281	0
3282	0
3283	1
3284	0
3285	0
3286	1
3287	1
3288	0
3289	0
3290	0
3291	0
3292	0
3293	0
3294	1
3295	0
3296	0
3297	1
3298	0
3299	0
3300	0
3301	62
3302	0
3303	3
3304	37
3305	10
3306	0
3307	0
3308	10
3309	28
3310	51
3311	0
3312	86
3313	43
3314	0
3315	2
3316	4
3317	0
3318	89
3319	0
3320	0
3321	0
3322	0
3323	1
3324	4
3325	0
3326	0
3327	0
3328	0
3329	0
3330	0
3331	0
3332	0
3333	0
3334	2
3335	4
3336	0
3337	0
3338	0
3339	4
3340	0
3341	1
3342	120
3343	2
3344	0
3345	4
3346	0
3347	0
3348	9
3349	1
3350	1
3351	1
3352	0
3353	0
3354	117
3355	0
3356	0
3357	0
3358	0
3359	1
3360	0
3361	0
3362	0
3363	0
3364	0
3365	0
3366	7
3367	1
3368	0
3369	1
3370	7
3371	0
3372	10
3373	0
3374	2
3375	1
3376	0
3377	13
3378	0
3379	0
3380	29
3381	0
3382	10
3383	0
3384	0
3385	0
3386	10
3387	0
3388	0
3389	0
3390	0
3391	0
3392	6
3393	0
3394	25
3395	0
3396	0
3397	25
3398	7
3399	7
3400	2
3401	3
3402	0
3403	0
3404	0
3405	0
3406	2
3407	10
3408	0
3409	0
3410	0
3411	4
3412	0
3413	0
3414	2
3415	0
3416	0
3417	63
3418	0
3419	0
3420	4
3421	10
3422	0
3423	0
3424	0
3425	0
3426	1
3427	0
3428	16
3429	4
3430	0
3431	0
3432	2
3433	10
3434	1
3435	1
3436	0
3437	0
3438	1
3439	1
3440	7
3441	2
3442	0
3443	0
3444	5
3445	8
3446	30
3447	14
3448	9
3449	0
3450	0
3451	4
3452	1
3453	4
3454	0
3455	0
3456	0
3457	1
3458	1
3459	0
3460	0
3461	0
3462	0
3463	1
3464	0
3465	2
3466	1
3467	0
3468	36
3469	0
3470	0
3471	0
3472	16
3473	13
3474	4
3475	0
3476	26
3477	0
3478	0
3479	10
3480	0
3481	0
3482	25
3483	3
3484	3
3485	2
3486	16
3487	1
3488	4
3489	0
3490	1
3491	0
3492	0
3493	0
3494	1
3495	4
3496	0
3497	0
3498	13
3499	42
3500	4
3501	0
3502	0
3503	0
3504	0
3505	0
3506	2
3507	35
3508	0
3509	0
3510	0
3511	0
3512	0
3513	7
3514	4
3515	0
3516	0
3517	16
3518	16
3519	34
3520	0
3521	0
3522	0
3523	18
3524	0
3525	0
3526	0
3527	18
3528	0
3529	0
3530	16
3531	0
3532	10
