91085	4
91086	0
91087	4
91088	0
91089	0
91090	0
91091	16
91092	0
91093	0
91094	215
91095	38
91096	16
91097	1
91098	0
91099	4
91100	1
91101	12
91102	0
91103	0
91104	0
91105	0
91106	4
91107	30
91108	0
91109	4
91110	20
91111	0
91112	0
91113	0
91114	0
91115	0
91116	0
91117	0
91118	2
91119	4
91120	0
91121	1
91122	1
91123	0
91124	0
91125	0
91126	1
91127	19
91128	9
91129	10
91130	0
91131	7
91132	26
91133	0
91134	1
91135	1
91136	1
91137	1
91138	16
91139	0
91140	0
91141	0
91142	77
91143	102
91144	2
91145	10
91146	0
91147	0
91148	1
91149	0
91150	115
91151	115
91152	11
91153	0
91154	0
91155	1
91156	19
91157	37
91158	0
91159	10
91160	0
91161	1
91162	0
91163	0
91164	1
91165	0
91166	4
91167	4
91168	0
91169	1
91170	0
91171	0
91172	2
91173	0
91174	0
91175	10
91176	4
91177	0
91178	4
91179	3
91180	22
91181	16
91182	2
91183	114
91184	0
91185	1
91186	22
91187	0
91188	0
91189	30
91190	0
91191	1
91192	7
91193	18
91194	4
91195	58
91196	38
91197	29
91198	7
91199	0
91200	10
91201	0
91202	16
91203	0
91204	1
91205	0
91206	0
91207	0
91208	1
91209	11
91210	0
91211	0
91212	16
91213	30
91214	0
91215	16
91216	0
91217	22
91218	4
91219	7
91220	97
91221	38
91222	0
91223	1
91224	2
91225	1
91226	1
91227	20
91228	4
91229	0
91230	1
91231	1
91232	0
91233	7
91234	3
91235	1
91236	0
91237	0
91238	0
91239	16
91240	16
91241	1
91242	0
91243	5
91244	22
91245	1
91246	0
91247	0
91248	4
91249	1
91250	10
91251	32
91252	60
91253	0
91254	0
91255	1
91256	10
91257	1
91258	0
91259	0
91260	0
91261	0
91262	66
91263	43
91264	134
91265	0
91266	2
91267	0
91268	4
91269	3
91270	0
91271	10
91272	4
91273	0
91274	19
91275	0
91276	1
91277	110
91278	0
91279	0
91280	0
91281	0
91282	0
91283	40
91284	1
91285	0
91286	16
91287	10
91288	0
91289	133
91290	200
91291	21
91292	0
91293	189
91294	10
91295	20
91296	10
91297	20
91298	0
91299	0
91300	0
91301	0
91302	0
91303	12
91304	4
91305	0
91306	0
91307	0
91308	71
91309	4
91310	0
91311	10
91312	0
91313	0
91314	0
91315	2
91316	0
91317	1
91318	0
91319	44
91320	0
91321	1
91322	0
91323	0
91324	0
91325	4
91326	0
91327	4
91328	20
91329	0
91330	6
91331	20
91332	15
91333	10
91334	0
91335	0
91336	0
91337	0
91338	0
91339	10
91340	0
91341	1
91342	0
91343	0
91344	1
91345	0
91346	282
91347	0
91348	0
91349	10
91350	154
91351	136
91352	0
91353	0
91354	0
91355	0
91356	0
91357	0
91358	73
91359	0
91360	65
91361	0
91362	10
91363	40
91364	0
91365	0
91366	0
91367	16
91368	0
91369	7
91370	0
91371	0
91372	10
91373	4
91374	7
91375	0
91376	1
91377	4
91378	0
91379	1
91380	4
91381	4
91382	7
91383	10
91384	4
91385	1
91386	1
91387	0
91388	1
91389	2
91390	16
91391	1
91392	71
91393	0
91394	16
91395	8
91396	1
91397	0
91398	1
91399	1
91400	3
91401	28
91402	76
91403	1
91404	0
91405	164
91406	20
91407	234
91408	1
91409	0
91410	0
91411	0
91412	2
91413	16
91414	20
91415	20
91416	0
91417	1
91418	67
91419	81
91420	6
91421	0
91422	0
91423	1
91424	2
91425	0
91426	1
91427	0
91428	4
91429	82
91430	141
91431	0
91432	6
91433	38
91434	13
91435	7
91436	4
91437	0
91438	2
91439	24
91440	3
91441	0
91442	0
91443	76
91444	20
91445	1
91446	4
91447	7
91448	130
91449	11
91450	30
91451	83
91452	0
91453	0
91454	127
91455	0
91456	0
91457	0
91458	28
91459	0
91460	4
91461	44
91462	2
91463	0
91464	3
91465	0
91466	0
91467	0
91468	16
91469	0
91470	0
91471	0
91472	1
91473	35
91474	66
91475	0
91476	3
91477	0
91478	16
91479	0
91480	0
91481	0
91482	103
91483	0
91484	82
91485	4
91486	0
91487	0
91488	0
91489	0
91490	0
91491	0
91492	1
91493	0
91494	0
91495	4
91496	0
91497	0
91498	4
91499	1
91500	0
91501	1
91502	0
91503	0
91504	0
91505	0
91506	0
91507	20
91508	20
91509	30
91510	56
91511	10
91512	0
91513	7
91514	0
91515	122
91516	10
91517	0
91518	27
91519	2
91520	0
91521	0
91522	1
91523	51
91524	0
91525	42
91526	75
91527	0
91528	5
91529	4
91530	63
91531	18
91532	1
91533	0
91534	120
91535	35
91536	10
91537	0
91538	0
91539	10
91540	0
91541	0
91542	0
91543	0
91544	0
91545	4
91546	1
91547	0
91548	0
91549	4
91550	23
91551	0
91552	35
91553	19
91554	0
91555	4
91556	0
91557	0
91558	5
91559	0
91560	0
91561	4
91562	0
91563	0
91564	0
91565	0
91566	4
91567	16
91568	4
91569	21
91570	16
91571	38
91572	0
91573	0
91574	0
91575	1
91576	4
91577	0
91578	22
91579	0
91580	0
91581	0
91582	16
91583	7
91584	30
91585	0
91586	4
91587	25
91588	0
91589	15
91590	2
91591	0
91592	0
91593	1
91594	0
91595	1
91596	36
91597	0
91598	0
91599	0
91600	0
91601	1
91602	0
91603	1
91604	0
91605	0
91606	16
91607	0
91608	0
91609	2
91610	1
91611	10
91612	0
91613	0
91614	0
91615	18
91616	0
91617	0
91618	1
91619	10
91620	20
91621	3
91622	20
91623	30
91624	34
91625	1
91626	83
91627	167
91628	22
91629	0
91630	1
91631	0
91632	0
91633	0
91634	13
91635	0
91636	0
91637	5
91638	12
91639	0
91640	21
91641	0
91642	16
91643	16
91644	51
91645	4
91646	22
91647	4
91648	4
91649	0
91650	0
91651	0
91652	0
91653	0
91654	0
91655	0
91656	16
91657	5
91658	0
91659	3
91660	0
91661	0
91662	18
91663	7
91664	29
91665	4
91666	4
91667	7
91668	16
91669	1
91670	0
91671	0
91672	0
91673	0
91674	102
91675	142
91676	19
91677	0
91678	1
91679	12
91680	52
91681	0
91682	1
91683	0
91684	16
91685	75
91686	96
91687	7
91688	0
91689	5
91690	1
91691	162
91692	0
91693	0
91694	0
91695	5
91696	0
91697	4
91698	4
91699	0
91700	0
91701	1
91702	0
91703	44
91704	30
91705	0
91706	6
91707	0
91708	2
91709	171
91710	3
91711	4
91712	0
91713	0
91714	0
91715	1
91716	2
91717	13
91718	0
91719	0
91720	2
91721	0
91722	4
91723	10
91724	11
91725	0
91726	0
91727	0
91728	22
91729	1
91730	0
91731	30
91732	164
91733	119
91734	44
91735	0
91736	30
91737	16
91738	1
91739	2
91740	0
91741	6
91742	11
91743	16
91744	16
91745	0
91746	0
91747	76
91748	2
91749	0
91750	0
91751	1
91752	1
91753	0
91754	1
91755	1
91756	0
91757	0
91758	4
91759	7
91760	2
91761	40
91762	0
91763	0
91764	39
91765	0
91766	2
91767	10
91768	24
91769	55
91770	15
91771	10
91772	1
91773	7
91774	0
91775	0
91776	116
91777	20
91778	0
91779	0
91780	0
91781	3
91782	4
91783	0
91784	0
91785	3
91786	0
91787	22
91788	0
91789	0
91790	3
91791	0
91792	1
91793	1
91794	3
91795	5
91796	0
91797	20
91798	1
91799	0
91800	0
91801	5
91802	58
91803	4
91804	43
91805	0
91806	0
91807	0
91808	4
91809	16
91810	0
91811	7
91812	10
91813	25
91814	99
91815	0
91816	0
91817	0
91818	0
91819	0
91820	7
91821	16
91822	0
91823	0
91824	2
91825	0
91826	2
91827	1
91828	1
91829	1
91830	30
91831	2
91832	210
91833	0
91834	0
91835	160
91836	0
91837	0
91838	7
91839	2
91840	0
91841	0
91842	16
91843	106
91844	6
91845	25
91846	4
91847	4
91848	0
91849	1
91850	10
91851	111
91852	0
91853	0
91854	8
91855	10
91856	0
91857	4
91858	1
91859	4
91860	0
91861	9
91862	3
91863	10
91864	2
91865	0
91866	0
91867	4
91868	3
91869	0
91870	1
91871	10
91872	1
91873	0
91874	10
91875	0
91876	16
91877	1
91878	90
91879	44
91880	47
91881	22
91882	22
91883	0
91884	54
91885	77
91886	0
91887	10
91888	30
91889	4
91890	16
91891	0
91892	0
91893	0
91894	0
91895	0
91896	0
91897	0
91898	1
91899	7
91900	5
91901	113
91902	0
91903	32
91904	0
91905	0
91906	1
91907	4
91908	0
91909	7
91910	16
91911	4
91912	7
91913	0
91914	53
91915	2
91916	61
91917	0
91918	0
91919	0
91920	20
91921	10
91922	10
91923	30
91924	0
91925	0
91926	10
91927	43
91928	0
91929	0
91930	0
91931	2
91932	0
91933	0
91934	0
91935	0
91936	5
91937	0
91938	0
91939	0
91940	0
91941	4
91942	37
91943	88
91944	1
91945	0
91946	0
91947	0
91948	2
91949	5
91950	4
91951	0
91952	0
91953	30
91954	0
91955	0
91956	0
91957	0
91958	1
91959	0
91960	23
91961	0
91962	0
91963	5
91964	16
91965	2
91966	10
91967	32
91968	0
91969	0
91970	30
91971	4
91972	10
91973	1
91974	1
91975	4
91976	0
91977	0
91978	0
91979	0
91980	16
91981	4
91982	7
91983	7
91984	0
91985	10
91986	0
91987	10
91988	0
91989	0
91990	0
91991	0
91992	5
91993	40
91994	4
91995	5
91996	1
91997	0
91998	0
91999	0
92000	0
92001	0
92002	88
92003	135
92004	0
92005	15
92006	0
92007	0
92008	4
92009	10
92010	0
92011	30
92012	0
92013	2
92014	7
92015	0
92016	0
92017	0
92018	0
92019	105
92020	95
92021	159
92022	176
92023	0
92024	22
92025	4
92026	0
92027	16
92028	1
92029	77
92030	206
92031	22
92032	10
92033	20
92034	0
92035	0
92036	0
92037	0
92038	84
92039	54
92040	1
92041	0
92042	32
92043	36
92044	59
92045	0
92046	0
92047	0
92048	4
92049	20
92050	0
92051	43
92052	2
92053	16
92054	1
92055	4
92056	59
92057	22
92058	4
92059	0
92060	0
92061	0
92062	0
92063	0
92064	27
92065	26
92066	22
92067	7
92068	0
92069	0
92070	0
92071	0
92072	16
92073	4
92074	2
92075	0
92076	0
92077	1
92078	4
92079	0
92080	10
92081	20
92082	0
92083	2
92084	0
92085	0
92086	1
92087	0
92088	3
92089	30
92090	0
92091	10
92092	4
92093	0
92094	0
92095	1
92096	0
92097	0
92098	30
92099	11
92100	23
92101	2
92102	0
92103	0
92104	1
92105	0
92106	1
92107	0
92108	0
92109	0
92110	0
92111	0
92112	0
92113	0
92114	7
92115	1
92116	1
92117	2
92118	0
92119	0
92120	1
92121	9
92122	4
92123	0
92124	1
92125	22
92126	0
92127	20
92128	0
92129	0
92130	0
92131	3
92132	0
92133	0
92134	0
92135	0
92136	0
92137	0
92138	4
92139	66
92140	0
92141	1
92142	1
92143	20
92144	126
92145	2
92146	28
92147	1
92148	0
92149	0
92150	0
92151	0
92152	20
92153	0
92154	4
92155	0
92156	0
92157	16
92158	0
92159	7
92160	0
92161	0
92162	0
92163	0
92164	0
92165	0
92166	10
92167	16
92168	7
92169	7
92170	1
92171	7
92172	0
92173	0
92174	0
92175	16
92176	4
92177	27
92178	1
92179	30
92180	0
92181	92
92182	162
92183	0
92184	4
92185	10
92186	1
92187	1
92188	8
92189	0
92190	0
92191	7
92192	0
92193	7
92194	27
92195	4
92196	9
92197	29
92198	12
92199	38
92200	0
92201	0
92202	0
92203	0
92204	0
92205	0
92206	2
92207	0
92208	1
92209	1
92210	0
92211	0
92212	30
92213	0
92214	5
92215	7
92216	47
92217	4
92218	0
92219	79
92220	10
92221	0
92222	5
92223	0
92224	4
92225	4
92226	4
92227	4
92228	0
92229	1
92230	2
92231	0
92232	0
92233	0
92234	99
92235	30
92236	16
92237	7
92238	0
92239	0
92240	0
92241	0
92242	1
92243	0
92244	7
92245	2
92246	0
92247	1
92248	4
92249	0
92250	0
92251	0
92252	7
92253	1
92254	0
92255	10
92256	0
92257	0
92258	1
92259	0
92260	4
92261	0
92262	0
92263	0
92264	0
92265	7
92266	0
92267	0
92268	0
92269	1
92270	280
92271	16
92272	52
92273	4
92274	65
92275	20
92276	118
92277	0
92278	47
92279	0
92280	1
92281	0
92282	0
92283	0
92284	18
92285	0
92286	1
92287	1
92288	4
92289	0
92290	0
92291	0
92292	1
92293	0
92294	1
92295	0
92296	0
92297	0
92298	0
92299	1
92300	7
92301	151
92302	20
92303	0
92304	0
92305	0
92306	0
92307	0
92308	0
92309	0
92310	165
92311	69
92312	93
92313	0
92314	58
92315	0
92316	0
92317	0
92318	0
92319	0
92320	23
92321	30
92322	40
92323	16
92324	51
92325	5
92326	0
92327	20
92328	2
92329	46
92330	15
92331	1
92332	70
92333	0
92334	1
92335	0
92336	0
92337	13
92338	0
92339	0
92340	0
92341	0
92342	0
92343	0
92344	1
92345	0
92346	0
92347	87
92348	0
92349	7
92350	4
92351	10
92352	0
92353	0
92354	0
92355	0
92356	0
92357	4
92358	16
92359	31
92360	4
92361	0
92362	0
92363	72
92364	0
92365	0
92366	0
92367	0
92368	0
92369	10
92370	0
92371	4
92372	0
92373	4
92374	0
92375	0
92376	0
92377	0
92378	0
92379	1
92380	0
92381	12
92382	125
92383	0
92384	0
92385	0
92386	154
92387	18
92388	1
92389	3
92390	4
92391	0
92392	10
92393	4
92394	25
92395	1
92396	0
92397	0
92398	0
92399	190
92400	222
92401	4
92402	30
92403	4
92404	10
92405	0
92406	0
92407	0
92408	4
92409	9
92410	0
92411	0
92412	0
92413	0
92414	4
92415	0
92416	0
92417	0
92418	0
92419	0
92420	20
92421	16
92422	0
92423	4
92424	1
92425	10
92426	7
92427	153
92428	1
92429	1
92430	10
92431	0
92432	0
92433	0
92434	4
92435	4
92436	40
92437	22
92438	40
92439	10
92440	0
92441	0
92442	1
92443	1
92444	0
92445	0
92446	0
92447	1
92448	0
92449	16
92450	4
92451	4
92452	0
92453	0
92454	0
92455	1
92456	0
92457	28
92458	10
92459	19
92460	1
92461	0
92462	20
92463	4
92464	0
92465	7
92466	19
92467	10
92468	0
92469	0
92470	0
92471	0
92472	4
92473	0
92474	22
92475	40
92476	0
92477	68
92478	53
92479	29
92480	42
92481	59
92482	0
92483	0
92484	5
92485	13
92486	0
92487	67
92488	43
92489	4
92490	0
92491	46
92492	7
92493	1
92494	0
92495	7
92496	16
92497	1
92498	7
92499	9
92500	4
92501	5
92502	0
92503	0
92504	0
92505	0
92506	11
92507	4
92508	0
92509	0
92510	20
92511	1
92512	0
92513	0
92514	0
92515	0
92516	0
92517	4
92518	1
92519	1
92520	11
92521	11
92522	0
92523	11
92524	1
92525	0
92526	3
92527	19
92528	16
92529	0
92530	0
92531	1
92532	0
92533	150
92534	4
92535	0
92536	2
92537	4
92538	0
92539	4
92540	0
92541	1
92542	1
92543	4
92544	0
92545	1
92546	57
92547	1
92548	30
92549	1
92550	312
92551	0
92552	7
92553	0
92554	28
92555	50
92556	23
92557	4
92558	0
92559	2
92560	16
92561	5
92562	16
92563	0
92564	0
92565	0
92566	0
92567	2
92568	0
92569	4
92570	0
92571	168
92572	4
92573	0
92574	64
92575	6
92576	10
92577	179
92578	56
92579	133
92580	0
92581	1
92582	0
92583	2
92584	48
92585	0
92586	0
92587	0
92588	0
92589	0
92590	0
92591	1
92592	1
92593	2
92594	0
92595	38
92596	10
92597	7
92598	1
92599	7
92600	1
92601	0
92602	0
92603	11
92604	16
92605	0
92606	7
92607	16
92608	0
92609	6
92610	15
92611	0
92612	0
92613	0
92614	1
92615	0
92616	0
92617	1
92618	10
92619	0
92620	0
92621	6
92622	0
92623	9
92624	7
92625	16
92626	0
92627	2
92628	0
92629	16
92630	0
92631	0
92632	4
92633	0
92634	4
92635	2
92636	5
92637	0
92638	30
92639	10
92640	80
92641	36
92642	59
92643	0
92644	0
92645	4
92646	48
92647	16
92648	1
92649	4
92650	1
92651	10
92652	30
92653	22
92654	0
92655	1
92656	4
92657	2
92658	1
92659	7
92660	0
92661	10
92662	0
92663	5
92664	0
92665	0
92666	11
92667	0
92668	0
92669	23
92670	0
92671	76
92672	0
92673	3
92674	0
92675	0
92676	4
92677	1
92678	4
92679	0
92680	115
92681	1
92682	7
92683	54
92684	116
92685	0
92686	0
92687	4
92688	0
92689	0
92690	2
92691	4
92692	10
92693	0
92694	0
92695	0
92696	0
92697	20
92698	5
92699	0
92700	19
92701	1
92702	0
92703	4
92704	4
92705	12
92706	16
92707	74
92708	0
92709	1
92710	10
92711	0
92712	10
92713	11
92714	0
92715	1
92716	10
92717	0
92718	0
92719	0
92720	0
92721	1
92722	0
92723	0
92724	20
92725	0
92726	0
92727	4
92728	10
92729	0
92730	0
