50169	0
50170	0
50171	4
50172	20
50173	38
50174	139
50175	15
50176	91
50177	0
50178	16
50179	91
50180	175
50181	44
50182	50
50183	10
50184	44
50185	30
50186	0
50187	30
50188	5
50189	0
50190	0
50191	106
50192	0
50193	16
50194	15
50195	0
50196	0
50197	0
50198	0
50199	36
50200	0
50201	0
50202	0
50203	29
50204	0
50205	0
50206	0
50207	1
50208	0
50209	12
50210	0
50211	1
50212	0
50213	6
50214	65
50215	0
50216	4
50217	100
50218	0
50219	71
50220	110
50221	0
50222	0
50223	0
50224	0
50225	0
50226	4
50227	1
50228	1
50229	10
50230	2
50231	4
50232	0
50233	1
50234	7
50235	27
50236	0
50237	0
50238	0
50239	0
50240	1
50241	51
50242	122
50243	198
50244	0
50245	0
50246	40
50247	73
50248	0
50249	22
50250	0
50251	29
50252	4
50253	0
50254	2
50255	10
50256	25
50257	7
50258	0
50259	23
50260	31
50261	0
50262	0
50263	0
50264	25
50265	0
50266	4
50267	1
50268	0
50269	37
50270	30
50271	0
50272	0
50273	26
50274	90
50275	0
50276	0
50277	0
50278	0
50279	224
50280	4
50281	7
50282	0
50283	11
50284	0
50285	0
50286	0
50287	0
50288	0
50289	0
50290	0
50291	0
50292	64
50293	0
50294	83
50295	4
50296	18
50297	17
50298	0
50299	0
50300	0
50301	1
50302	0
50303	20
50304	0
50305	136
50306	1
50307	0
50308	0
50309	0
50310	0
50311	0
50312	4
50313	0
50314	10
50315	5
50316	21
50317	0
50318	0
50319	2
50320	10
50321	0
50322	16
50323	0
50324	2
50325	0
50326	4
50327	0
50328	1
50329	1
50330	1
50331	0
50332	19
50333	20
50334	1
50335	0
50336	0
50337	4
50338	0
50339	0
50340	0
50341	10
50342	0
50343	2
50344	4
50345	1
50346	7
50347	0
50348	4
50349	4
50350	47
50351	0
50352	0
50353	9
50354	0
50355	0
50356	0
50357	0
50358	67
50359	0
50360	0
50361	1
50362	58
50363	1
50364	50
50365	0
50366	0
50367	1
50368	23
50369	11
50370	2
50371	0
50372	0
50373	0
50374	0
50375	0
50376	0
50377	0
50378	10
50379	13
50380	0
50381	1
50382	4
50383	0
50384	0
50385	0
50386	111
50387	0
50388	0
50389	4
50390	0
50391	4
50392	5
50393	0
50394	45
50395	62
50396	16
50397	10
50398	1
50399	0
50400	0
50401	0
50402	16
50403	43
50404	130
50405	0
50406	0
50407	166
50408	44
50409	113
50410	170
50411	0
50412	0
50413	30
50414	2
50415	15
50416	7
50417	160
50418	39
50419	78
50420	0
50421	28
50422	0
50423	0
50424	0
50425	2
50426	0
50427	0
50428	0
50429	0
50430	7
50431	0
50432	0
50433	4
50434	0
50435	0
50436	1
50437	0
50438	171
50439	223
50440	17
50441	0
50442	0
50443	0
50444	0
50445	0
50446	12
50447	2
50448	0
50449	177
50450	17
50451	0
50452	4
50453	0
50454	0
50455	12
50456	18
50457	9
50458	0
50459	10
50460	0
50461	0
50462	0
50463	0
50464	10
50465	1
50466	43
50467	48
50468	57
50469	51
50470	4
50471	7
50472	16
50473	16
50474	0
50475	137
50476	0
50477	0
50478	7
50479	16
50480	2
50481	0
50482	0
50483	0
50484	0
50485	7
50486	7
50487	1
50488	0
50489	68
50490	0
50491	16
50492	0
50493	4
50494	0
50495	0
50496	0
50497	7
50498	0
50499	4
50500	1
50501	168
50502	2
50503	0
50504	0
50505	0
50506	30
50507	13
50508	4
50509	4
50510	2
50511	10
50512	0
50513	0
50514	0
50515	4
50516	0
50517	0
50518	0
50519	0
50520	0
50521	4
50522	1
50523	18
50524	0
50525	0
50526	0
50527	16
50528	0
50529	40
50530	0
50531	0
50532	4
50533	0
50534	0
50535	20
50536	4
50537	0
50538	0
50539	10
50540	0
50541	18
50542	5
50543	0
50544	0
50545	4
50546	61
50547	2
50548	43
50549	0
50550	0
50551	44
50552	0
50553	4
50554	20
50555	55
50556	0
50557	63
50558	0
50559	1
50560	44
50561	16
50562	95
50563	3
50564	32
50565	1
50566	0
50567	200
50568	4
50569	0
50570	0
50571	6
50572	23
50573	12
50574	0
50575	111
50576	25
50577	20
50578	0
50579	86
50580	0
50581	0
50582	0
50583	4
50584	0
50585	4
50586	15
50587	0
50588	3
50589	0
50590	0
50591	6
50592	166
50593	178
50594	62
50595	0
50596	27
50597	0
50598	16
50599	30
50600	18
50601	1
50602	4
50603	15
50604	0
50605	18
50606	0
50607	0
50608	7
50609	11
50610	0
50611	0
50612	0
50613	4
50614	0
50615	4
50616	0
50617	1
50618	0
50619	0
50620	0
50621	40
50622	11
50623	10
50624	0
50625	1
50626	6
50627	4
50628	30
50629	0
50630	0
50631	0
50632	0
50633	166
50634	6
50635	30
50636	0
50637	118
50638	0
50639	0
50640	0
50641	0
50642	10
50643	20
50644	13
50645	9
50646	0
50647	7
50648	0
50649	0
50650	0
50651	0
50652	28
50653	0
50654	16
50655	0
50656	0
50657	0
50658	2
50659	0
50660	9
50661	20
50662	12
50663	5
50664	0
50665	0
50666	0
50667	1
50668	2
50669	0
50670	30
50671	0
50672	0
50673	0
50674	0
50675	95
50676	122
50677	103
50678	20
50679	153
50680	4
50681	0
50682	1
50683	4
50684	0
50685	0
50686	0
50687	166
50688	5
50689	16
50690	0
50691	7
50692	0
50693	0
50694	0
50695	0
50696	1
50697	28
50698	1
50699	2
50700	0
50701	20
50702	0
50703	0
50704	0
50705	13
50706	11
50707	0
50708	39
50709	3
50710	22
50711	12
50712	18
50713	2
50714	4
50715	7
50716	17
50717	12
50718	0
50719	13
50720	0
50721	1
50722	0
50723	1
50724	0
50725	0
50726	1
50727	0
50728	0
50729	0
50730	0
50731	2
50732	4
50733	20
50734	0
50735	1
50736	1
50737	32
50738	20
50739	1
50740	4
50741	58
50742	0
50743	2
50744	21
50745	29
50746	0
50747	0
50748	5
50749	10
50750	1
50751	0
50752	0
50753	57
50754	33
50755	0
50756	4
50757	0
50758	0
50759	0
50760	0
50761	10
50762	0
50763	0
50764	0
50765	0
50766	0
50767	0
50768	1
50769	0
50770	0
50771	0
50772	1
50773	0
50774	1
50775	39
50776	0
50777	0
50778	0
50779	0
50780	4
50781	95
50782	90
50783	144
50784	159
50785	30
50786	112
50787	37
50788	63
50789	0
50790	4
50791	10
50792	0
50793	0
50794	2
50795	1
50796	160
50797	0
50798	0
50799	0
50800	2
50801	1
50802	0
50803	7
50804	0
50805	2
50806	30
50807	7
50808	0
50809	0
50810	12
50811	0
50812	0
50813	235
50814	136
50815	163
50816	98
50817	1
50818	0
50819	0
50820	61
50821	0
50822	10
50823	4
50824	0
50825	10
50826	0
50827	34
50828	14
50829	59
50830	80
50831	89
50832	10
50833	0
50834	0
50835	0
50836	0
50837	0
50838	16
50839	8
50840	5
50841	0
50842	87
50843	128
50844	7
50845	4
50846	0
50847	0
50848	13
50849	4
50850	5
50851	106
50852	10
50853	22
50854	0
50855	0
50856	30
50857	1
50858	0
50859	0
50860	0
50861	0
50862	1
50863	0
50864	33
50865	0
50866	4
50867	10
50868	0
50869	0
50870	40
50871	20
50872	26
50873	70
50874	0
50875	0
50876	7
50877	0
50878	0
50879	0
50880	0
50881	1
50882	1
50883	0
50884	0
50885	32
50886	0
50887	1
50888	0
50889	0
50890	0
50891	40
50892	0
50893	4
50894	0
50895	1
50896	4
50897	4
50898	22
50899	0
50900	10
50901	44
50902	0
50903	0
50904	0
50905	38
50906	75
50907	0
50908	53
50909	0
50910	16
50911	132
50912	2
50913	0
50914	0
50915	0
50916	0
50917	0
50918	0
50919	44
50920	0
50921	0
50922	0
50923	4
50924	0
50925	4
50926	23
50927	4
50928	0
50929	7
50930	0
50931	0
50932	0
50933	0
50934	0
50935	16
50936	0
50937	10
50938	0
50939	0
50940	0
50941	7
50942	0
50943	10
50944	10
50945	0
50946	20
50947	104
50948	0
50949	0
50950	20
50951	4
50952	30
50953	10
50954	0
50955	143
50956	0
50957	0
50958	22
50959	43
50960	4
50961	16
50962	30
50963	57
50964	2
50965	1
50966	2
50967	0
50968	4
50969	0
50970	0
50971	4
50972	0
50973	0
50974	4
50975	0
50976	144
50977	1
50978	1
50979	1
50980	0
50981	0
50982	20
50983	10
50984	2
50985	0
50986	18
50987	1
50988	38
50989	151
50990	34
50991	0
50992	0
50993	0
50994	0
50995	0
50996	0
50997	1
50998	44
50999	0
51000	0
51001	10
51002	0
51003	0
51004	0
51005	0
51006	0
51007	0
51008	0
51009	0
51010	0
51011	0
51012	0
51013	0
51014	4
51015	0
51016	0
51017	4
51018	13
51019	1
51020	4
51021	4
51022	19
51023	0
51024	5
51025	20
51026	0
51027	33
51028	90
51029	106
51030	0
51031	10
51032	0
51033	12
51034	0
51035	0
51036	7
51037	0
51038	0
51039	0
51040	1
51041	7
51042	0
51043	0
51044	0
51045	1
51046	4
51047	25
51048	17
51049	58
51050	62
51051	0
51052	0
51053	0
51054	0
51055	3
51056	126
51057	35
51058	0
51059	4
51060	4
51061	0
51062	0
51063	4
51064	86
51065	8
51066	0
51067	0
51068	2
51069	0
51070	4
51071	0
51072	0
51073	0
51074	91
51075	0
51076	1
51077	1
51078	1
51079	16
51080	0
51081	0
51082	6
51083	0
51084	90
51085	0
51086	2
51087	4
51088	10
51089	0
51090	0
51091	0
51092	4
51093	0
51094	0
51095	0
51096	0
51097	10
51098	4
51099	0
51100	7
51101	53
51102	0
51103	0
51104	0
51105	0
51106	1
51107	55
51108	11
51109	0
51110	0
51111	74
51112	80
51113	145
51114	299
51115	26
51116	10
51117	1
51118	1
51119	0
51120	19
51121	0
51122	0
51123	0
51124	0
51125	0
51126	0
51127	0
51128	0
51129	0
51130	3
51131	1
51132	0
51133	1
51134	4
51135	0
51136	4
51137	1
51138	0
51139	0
51140	1
51141	16
51142	0
51143	0
51144	2
51145	0
51146	0
51147	4
51148	10
51149	30
51150	1
51151	0
51152	24
51153	0
51154	0
51155	0
51156	26
51157	5
51158	0
51159	0
51160	0
51161	0
51162	0
51163	7
51164	29
51165	1
51166	85
51167	0
51168	1
51169	8
51170	57
51171	80
51172	0
51173	0
51174	2
51175	1
51176	0
51177	11
51178	1
51179	0
51180	4
51181	1
51182	0
51183	0
51184	0
51185	24
51186	104
51187	0
51188	30
51189	10
51190	7
51191	1
51192	0
51193	0
51194	0
51195	16
51196	0
51197	0
51198	0
51199	4
51200	1
51201	0
51202	0
51203	30
51204	0
51205	0
51206	0
51207	30
51208	0
51209	0
51210	0
51211	0
51212	4
51213	0
51214	1
51215	4
51216	0
51217	0
51218	135
51219	81
51220	45
51221	48
51222	0
51223	1
51224	20
51225	0
51226	0
51227	0
51228	0
51229	0
51230	251
51231	1
51232	1
51233	4
51234	7
51235	58
51236	1
51237	4
51238	4
51239	0
51240	4
51241	57
51242	0
51243	5
51244	20
51245	0
51246	0
51247	0
51248	175
51249	86
51250	10
51251	0
51252	1
51253	10
51254	0
51255	0
51256	0
51257	8
51258	0
51259	0
51260	0
51261	10
51262	0
51263	0
51264	0
51265	7
51266	0
51267	0
51268	0
51269	1
51270	7
51271	139
51272	0
51273	4
51274	8
51275	48
51276	9
51277	37
51278	1
51279	0
51280	0
51281	58
51282	4
51283	0
51284	0
51285	0
51286	53
51287	0
51288	7
51289	0
51290	45
51291	0
51292	0
51293	0
51294	0
51295	0
51296	16
51297	0
51298	18
51299	0
51300	0
51301	0
51302	0
51303	0
51304	15
51305	0
51306	0
51307	0
51308	0
51309	0
51310	0
51311	1
51312	147
51313	58
51314	0
51315	10
51316	0
51317	0
51318	0
51319	0
51320	31
51321	5
51322	4
51323	4
51324	0
51325	17
51326	0
51327	3
51328	4
51329	25
51330	7
51331	0
51332	0
51333	0
51334	0
51335	1
51336	0
51337	118
51338	0
51339	1
51340	0
51341	0
51342	0
51343	17
51344	4
51345	10
51346	3
51347	0
51348	62
51349	0
51350	0
51351	16
51352	1
51353	0
51354	0
51355	4
51356	0
51357	4
51358	0
51359	0
51360	0
51361	0
51362	0
51363	165
51364	169
51365	0
51366	22
51367	0
51368	26
51369	25
51370	10
51371	12
51372	43
51373	1
51374	123
51375	0
51376	0
51377	2
51378	3
51379	0
51380	1
51381	4
51382	0
51383	12
51384	2
51385	1
51386	0
51387	7
51388	1
51389	20
51390	1
51391	0
51392	37
51393	0
51394	7
51395	0
51396	0
51397	7
51398	0
51399	0
51400	2
51401	0
51402	7
51403	0
51404	0
51405	0
51406	0
51407	0
51408	0
51409	0
51410	39
51411	71
51412	0
51413	0
51414	2
51415	75
51416	0
51417	33
51418	0
51419	16
51420	0
51421	0
51422	0
51423	0
51424	9
51425	0
51426	0
51427	0
51428	0
51429	0
51430	2
51431	12
51432	2
51433	0
51434	0
51435	0
51436	27
51437	52
51438	4
51439	22
51440	125
51441	0
51442	0
51443	0
51444	0
51445	10
51446	0
51447	0
51448	1
51449	10
51450	0
51451	0
51452	0
51453	85
51454	0
51455	0
51456	0
51457	4
