97650	0
97651	0
97652	0
97653	0
97654	2
97655	1
97656	1
97657	0
97658	0
97659	0
97660	0
97661	0
97662	0
97663	0
97664	7
97665	1
97666	0
97667	0
97668	0
97669	0
97670	67
97671	39
97672	7
97673	0
97674	35
97675	0
97676	0
97677	0
97678	79
97679	20
97680	7
97681	0
97682	0
97683	0
97684	0
97685	0
97686	0
97687	0
97688	8
97689	76
97690	0
97691	20
97692	4
97693	49
97694	18
97695	197
97696	148
97697	135
97698	6
97699	132
97700	111
97701	4
97702	4
97703	10
97704	0
97705	1
97706	1
97707	0
97708	0
97709	38
97710	1
97711	0
97712	0
97713	10
97714	30
97715	1
97716	0
97717	0
97718	0
97719	60
97720	1
97721	69
97722	0
97723	4
97724	0
97725	4
97726	0
97727	0
97728	0
97729	2
97730	0
97731	77
97732	44
97733	4
97734	0
97735	122
97736	0
97737	0
97738	16
97739	0
97740	1
97741	1
97742	0
97743	0
97744	22
97745	0
97746	0
97747	14
97748	0
97749	6
97750	0
97751	65
97752	16
97753	1
97754	0
97755	16
97756	0
97757	0
97758	7
97759	0
97760	60
97761	18
97762	1
97763	0
97764	35
97765	0
97766	7
97767	1
97768	0
97769	1
97770	10
97771	3
97772	7
97773	4
97774	33
97775	126
97776	0
97777	30
97778	0
97779	0
97780	4
97781	7
97782	4
97783	67
97784	104
97785	0
97786	0
97787	4
97788	0
97789	4
97790	1
97791	4
97792	22
97793	1
97794	0
97795	1
97796	0
97797	0
97798	16
97799	1
97800	1
97801	16
97802	4
97803	0
97804	0
97805	10
97806	53
97807	0
97808	0
97809	7
97810	0
97811	0
97812	0
97813	4
97814	1
97815	0
97816	134
97817	28
97818	0
97819	24
97820	20
97821	0
97822	0
97823	0
97824	0
97825	3
97826	0
97827	0
97828	0
97829	0
97830	86
97831	10
97832	0
97833	0
97834	1
97835	0
97836	16
97837	4
97838	20
97839	0
97840	16
97841	79
97842	99
97843	92
97844	61
97845	4
97846	0
97847	4
97848	66
97849	6
97850	0
97851	0
97852	15
97853	49
97854	22
97855	30
97856	4
97857	0
97858	2
97859	0
97860	0
97861	72
97862	0
97863	0
97864	4
97865	0
97866	0
97867	36
97868	13
97869	13
97870	20
97871	23
97872	0
97873	1
97874	4
97875	1
97876	0
97877	10
97878	0
97879	0
97880	1
97881	0
97882	0
97883	59
97884	0
97885	0
97886	1
97887	7
97888	4
97889	0
97890	3
97891	4
97892	0
97893	0
97894	4
97895	10
97896	0
97897	0
97898	1
97899	1
97900	0
97901	0
97902	88
97903	38
97904	40
97905	2
97906	11
97907	10
97908	10
97909	20
97910	0
97911	0
97912	0
97913	4
97914	0
97915	0
97916	4
97917	30
97918	4
97919	4
97920	288
97921	0
97922	0
97923	0
97924	1
97925	1
97926	1
97927	0
97928	1
97929	0
97930	2
97931	10
97932	0
97933	0
97934	0
97935	40
97936	131
97937	21
97938	0
97939	4
97940	0
97941	4
97942	0
97943	4
97944	0
97945	10
97946	4
97947	0
97948	0
97949	0
97950	0
97951	0
97952	0
97953	0
97954	0
97955	127
97956	72
97957	0
97958	0
97959	0
97960	0
97961	0
97962	157
97963	0
97964	4
97965	1
97966	0
97967	0
97968	44
97969	0
97970	0
97971	2
97972	1
97973	1
97974	10
97975	0
97976	30
97977	3
97978	4
97979	0
97980	17
97981	0
97982	0
97983	0
97984	4
97985	6
97986	0
97987	0
97988	0
97989	4
97990	0
97991	68
97992	55
97993	1
97994	2
97995	0
97996	4
97997	0
97998	7
97999	0
98000	0
98001	0
98002	20
98003	4
98004	1
98005	0
98006	10
98007	10
98008	10
98009	4
98010	1
98011	10
98012	10
98013	0
98014	0
98015	0
98016	4
98017	0
98018	13
98019	123
98020	145
98021	0
98022	129
98023	10
98024	0
98025	0
98026	10
98027	0
98028	4
98029	3
98030	0
98031	0
98032	0
98033	0
98034	0
98035	0
98036	4
98037	0
98038	0
98039	0
98040	0
98041	10
98042	30
98043	1
98044	0
98045	0
98046	74
98047	0
98048	0
98049	10
98050	0
98051	1
98052	88
98053	11
98054	9
98055	0
98056	0
98057	0
98058	0
98059	0
98060	10
98061	0
98062	0
98063	132
98064	0
98065	0
98066	119
98067	0
98068	4
98069	8
98070	23
98071	15
98072	0
98073	121
98074	1
98075	112
98076	0
98077	90
98078	0
98079	0
98080	103
98081	1
98082	0
98083	0
98084	20
98085	12
98086	0
98087	30
98088	0
98089	0
98090	4
98091	0
98092	0
98093	2
98094	0
98095	4
98096	1
98097	0
98098	1
98099	0
98100	4
98101	0
98102	40
98103	0
98104	45
98105	1
98106	4
98107	7
98108	29
98109	16
98110	0
98111	0
98112	6
98113	0
98114	44
98115	0
98116	0
98117	16
98118	2
98119	5
98120	4
98121	14
98122	0
98123	16
98124	30
98125	8
98126	7
98127	4
98128	0
98129	15
98130	30
98131	20
98132	0
98133	61
98134	74
98135	4
98136	129
98137	0
98138	0
98139	0
98140	183
98141	7
98142	1
98143	0
98144	0
98145	10
98146	0
98147	1
98148	4
98149	1
98150	14
98151	10
98152	0
98153	36
98154	0
98155	0
98156	0
98157	2
98158	126
98159	4
98160	0
98161	37
98162	16
98163	30
98164	30
98165	15
98166	4
98167	0
98168	10
98169	10
98170	4
98171	0
98172	0
98173	30
98174	0
98175	13
98176	0
98177	0
98178	0
98179	2
98180	1
98181	0
98182	0
98183	0
98184	0
98185	1
98186	4
98187	0
98188	10
98189	0
98190	4
98191	1
98192	0
98193	1
98194	0
98195	16
98196	16
98197	162
98198	17
98199	27
98200	0
98201	1
98202	5
98203	0
98204	0
98205	0
98206	0
98207	34
98208	30
98209	16
98210	113
98211	0
98212	80
98213	1
98214	11
98215	10
98216	0
98217	0
98218	39
98219	0
98220	10
98221	1
98222	4
98223	0
98224	0
98225	0
98226	0
98227	4
98228	18
98229	0
98230	7
98231	4
98232	0
98233	1
98234	0
98235	0
98236	0
98237	1
98238	34
98239	1
98240	16
98241	4
98242	1
98243	4
98244	0
98245	20
98246	10
98247	7
98248	0
98249	1
98250	3
98251	0
98252	0
98253	10
98254	0
98255	0
98256	24
98257	4
98258	10
98259	0
98260	1
98261	0
98262	30
98263	0
98264	1
98265	0
98266	10
98267	3
98268	1
98269	0
98270	2
98271	107
98272	16
98273	61
98274	0
98275	0
98276	53
98277	27
98278	0
98279	0
98280	0
98281	20
98282	113
98283	151
98284	143
98285	16
98286	1
98287	0
98288	10
98289	0
98290	11
98291	162
98292	79
98293	0
98294	1
98295	0
98296	0
98297	12
98298	1
98299	0
98300	7
98301	4
98302	30
98303	0
98304	0
98305	1
98306	4
98307	0
98308	0
98309	10
98310	49
98311	0
98312	0
98313	139
98314	0
98315	29
98316	3
98317	0
98318	16
98319	0
98320	2
98321	1
98322	2
98323	4
98324	10
98325	124
98326	1
98327	1
98328	0
98329	197
98330	1
98331	0
98332	37
98333	15
98334	0
98335	18
98336	0
98337	4
98338	0
98339	4
98340	1
98341	30
98342	123
98343	117
98344	92
98345	0
98346	0
98347	4
98348	1
98349	0
98350	0
98351	80
98352	11
98353	4
98354	13
98355	25
98356	35
98357	29
98358	0
98359	4
98360	0
98361	1
98362	10
98363	0
98364	4
98365	0
98366	1
98367	0
98368	1
98369	2
98370	0
98371	0
98372	1
98373	0
98374	0
98375	1
98376	39
98377	24
98378	14
98379	47
98380	77
98381	0
98382	0
98383	10
98384	0
98385	0
98386	0
98387	30
98388	79
98389	27
98390	10
98391	1
98392	0
98393	116
98394	4
98395	0
98396	0
98397	0
98398	0
98399	10
98400	11
98401	0
98402	1
98403	1
98404	30
98405	4
98406	1
98407	0
98408	1
98409	20
98410	10
98411	0
98412	27
98413	18
98414	0
98415	0
98416	0
98417	0
98418	34
98419	110
98420	3
98421	0
98422	0
98423	10
98424	16
98425	10
98426	115
98427	1
98428	9
98429	0
98430	32
98431	0
98432	0
98433	20
98434	1
98435	1
98436	10
98437	0
98438	1
98439	10
98440	20
98441	2
98442	0
98443	0
98444	0
98445	92
98446	0
98447	4
98448	1
98449	0
98450	20
98451	1
98452	20
98453	10
98454	27
98455	0
98456	0
98457	0
98458	94
98459	37
98460	119
98461	0
98462	0
98463	20
98464	8
98465	4
98466	0
98467	0
98468	0
98469	0
98470	11
98471	0
98472	53
98473	25
98474	130
98475	1
98476	1
98477	0
98478	0
98479	10
98480	20
98481	5
98482	1
98483	0
98484	10
98485	16
98486	0
98487	2
98488	1
98489	0
98490	0
98491	0
98492	5
98493	0
98494	0
98495	0
98496	31
98497	109
98498	203
98499	1
98500	4
98501	0
98502	0
98503	0
98504	0
98505	20
98506	10
98507	20
98508	20
98509	1
98510	10
98511	7
98512	0
98513	1
98514	109
98515	32
98516	4
98517	115
98518	98
98519	0
98520	0
98521	0
98522	11
98523	0
98524	0
98525	0
98526	6
98527	0
98528	20
98529	4
98530	0
98531	0
98532	1
98533	10
98534	58
98535	143
98536	22
98537	2
98538	0
98539	0
98540	10
98541	8
98542	10
98543	0
98544	0
98545	7
98546	0
98547	16
98548	0
98549	16
98550	0
98551	81
98552	1
98553	0
98554	27
98555	5
98556	1
98557	39
98558	14
98559	0
98560	0
98561	10
98562	11
98563	4
98564	16
98565	0
98566	0
98567	10
98568	0
98569	0
98570	0
98571	0
98572	10
98573	4
98574	0
98575	10
98576	4
98577	4
98578	30
98579	0
98580	40
98581	2
98582	0
98583	37
98584	0
98585	2
98586	2
98587	0
98588	50
98589	0
98590	1
98591	4
98592	62
98593	4
98594	1
98595	0
98596	0
98597	0
98598	4
98599	0
98600	11
98601	24
98602	46
98603	0
98604	4
98605	0
98606	0
98607	4
98608	0
98609	0
98610	0
98611	0
98612	4
98613	0
98614	0
98615	0
98616	0
98617	9
98618	2
98619	6
98620	39
98621	7
98622	0
98623	10
98624	0
98625	10
98626	14
98627	0
98628	70
98629	0
98630	1
98631	1
98632	4
98633	1
98634	18
98635	25
98636	21
98637	16
98638	0
98639	0
98640	1
98641	0
98642	0
98643	94
98644	129
98645	0
98646	0
98647	0
98648	12
98649	0
98650	0
98651	4
98652	0
98653	0
98654	208
98655	0
98656	0
98657	152
98658	0
98659	0
98660	0
98661	0
98662	0
98663	5
98664	11
98665	0
98666	0
98667	16
98668	7
98669	0
98670	20
98671	10
98672	4
98673	0
98674	30
98675	10
98676	4
98677	0
98678	4
98679	74
98680	0
98681	0
98682	4
98683	0
98684	0
98685	1
98686	10
98687	1
98688	0
98689	11
98690	0
98691	4
98692	0
98693	4
98694	0
98695	0
98696	1
98697	0
98698	1
98699	0
98700	0
98701	1
98702	0
98703	0
98704	1
98705	0
98706	0
98707	0
98708	2
98709	0
98710	40
98711	0
98712	0
98713	1
98714	1
98715	5
98716	1
98717	4
98718	4
98719	0
98720	0
98721	0
98722	4
