72918	0
72919	0
72920	2
72921	0
72922	38
72923	4
72924	0
72925	0
72926	39
72927	54
72928	2
72929	0
72930	10
72931	30
72932	0
72933	1
72934	0
72935	0
72936	0
72937	0
72938	0
72939	4
72940	0
72941	0
72942	11
72943	3
72944	11
72945	0
72946	0
72947	7
72948	0
72949	0
72950	34
72951	175
72952	0
72953	1
72954	91
72955	0
72956	0
72957	1
72958	75
72959	16
72960	0
72961	1
72962	18
72963	2
72964	88
72965	1
72966	0
72967	0
72968	0
72969	0
72970	1
72971	0
72972	0
72973	89
72974	3
72975	0
72976	0
72977	0
72978	4
72979	0
72980	74
72981	0
72982	1
72983	16
72984	0
72985	30
72986	0
72987	0
72988	0
72989	10
72990	207
72991	0
72992	0
72993	0
72994	0
72995	0
72996	4
72997	81
72998	0
72999	32
73000	0
73001	4
73002	0
73003	0
73004	46
73005	0
73006	4
73007	0
73008	0
73009	2
73010	0
73011	0
73012	0
73013	0
73014	0
73015	1
73016	0
73017	0
73018	1
73019	0
73020	0
73021	0
73022	1
73023	0
73024	0
73025	0
73026	0
73027	0
73028	1
73029	0
73030	1
73031	0
73032	0
73033	0
73034	0
73035	0
73036	0
73037	0
73038	19
73039	4
73040	30
73041	2
73042	7
73043	0
73044	1
73045	0
73046	0
73047	0
73048	0
73049	6
73050	0
73051	0
73052	2
73053	0
73054	0
73055	0
73056	1
73057	4
73058	13
73059	0
73060	0
73061	0
73062	0
73063	0
73064	0
73065	0
73066	0
73067	0
73068	0
73069	1
73070	0
73071	0
73072	34
73073	0
73074	11
73075	10
73076	1
73077	1
73078	0
73079	0
73080	1
73081	13
73082	7
73083	0
73084	10
73085	212
73086	0
73087	0
73088	0
73089	0
73090	0
73091	0
73092	3
73093	0
73094	250
73095	0
73096	17
73097	0
73098	0
73099	1
73100	0
73101	89
73102	0
73103	0
73104	0
73105	0
73106	0
73107	0
73108	0
73109	30
73110	14
73111	138
73112	66
73113	4
73114	104
73115	32
73116	11
73117	7
73118	40
73119	20
73120	0
73121	7
73122	1
73123	0
73124	0
73125	0
73126	0
73127	0
73128	0
73129	41
73130	3
73131	0
73132	1
73133	39
73134	4
73135	0
73136	0
73137	0
73138	0
73139	10
73140	16
73141	0
73142	0
73143	0
73144	0
73145	0
73146	0
73147	0
73148	20
73149	0
73150	0
73151	0
73152	0
73153	10
73154	0
73155	0
73156	0
73157	20
73158	0
73159	80
73160	0
73161	0
73162	0
73163	0
73164	4
73165	0
73166	4
73167	21
73168	39
73169	0
73170	0
73171	131
73172	10
73173	161
73174	71
73175	0
73176	0
73177	114
73178	0
73179	0
73180	0
73181	0
73182	15
73183	23
73184	3
73185	3
73186	0
73187	1
73188	38
73189	0
73190	1
73191	0
73192	112
73193	0
73194	0
73195	40
73196	0
73197	0
73198	0
73199	19
73200	0
73201	3
73202	0
73203	30
73204	0
73205	22
73206	0
73207	26
73208	0
73209	0
73210	0
73211	1
73212	4
73213	16
73214	10
73215	0
73216	1
73217	31
73218	4
73219	10
73220	0
73221	0
73222	0
73223	0
73224	0
73225	0
73226	4
73227	10
73228	0
73229	0
73230	0
73231	0
73232	4
73233	0
73234	3
73235	9
73236	0
73237	10
73238	0
73239	0
73240	1
73241	0
73242	0
73243	0
73244	0
73245	0
73246	16
73247	10
73248	0
73249	0
73250	30
73251	1
73252	0
73253	0
73254	0
73255	0
73256	1
73257	0
73258	10
73259	0
73260	0
73261	22
73262	26
73263	0
73264	1
73265	30
73266	0
73267	1
73268	16
73269	0
73270	0
73271	26
73272	11
73273	203
73274	4
73275	10
73276	0
73277	0
73278	4
73279	24
73280	180
73281	0
73282	2
73283	0
73284	0
73285	12
73286	0
73287	0
73288	0
73289	0
73290	0
73291	7
73292	108
73293	5
73294	0
73295	0
73296	0
73297	0
73298	11
73299	20
73300	13
73301	0
73302	0
73303	21
73304	8
73305	0
73306	1
73307	1
73308	31
73309	0
73310	11
73311	0
73312	4
73313	41
73314	0
73315	0
73316	0
73317	1
73318	21
73319	57
73320	20
73321	44
73322	13
73323	10
73324	0
73325	12
73326	0
73327	6
73328	2
73329	4
73330	3
73331	4
73332	0
73333	0
73334	13
73335	0
73336	0
73337	204
73338	0
73339	0
73340	0
73341	1
73342	16
73343	4
73344	0
73345	0
73346	2
73347	0
73348	116
73349	20
73350	12
73351	10
73352	4
73353	146
73354	0
73355	0
73356	4
73357	0
73358	0
73359	20
73360	1
73361	0
73362	4
73363	37
73364	46
73365	10
73366	0
73367	16
73368	0
73369	0
73370	135
73371	1
73372	47
73373	0
73374	1
73375	155
73376	0
73377	0
73378	0
73379	0
73380	0
73381	4
73382	3
73383	4
73384	0
73385	1
73386	0
73387	0
73388	6
73389	25
73390	0
73391	1
73392	0
73393	40
73394	46
73395	15
73396	10
73397	0
73398	20
73399	1
73400	0
73401	7
73402	1
73403	0
73404	0
73405	8
73406	0
73407	0
73408	22
73409	0
73410	40
73411	6
73412	0
73413	0
73414	2
73415	7
73416	10
73417	37
73418	1
73419	0
73420	0
73421	6
73422	110
73423	43
73424	0
73425	164
73426	13
73427	0
73428	2
73429	0
73430	32
73431	0
73432	45
73433	0
73434	0
73435	0
73436	4
73437	0
73438	6
73439	0
73440	0
73441	3
73442	23
73443	63
73444	0
73445	10
73446	0
73447	0
73448	1
73449	0
73450	0
73451	48
73452	10
73453	2
73454	1
73455	1
73456	55
73457	4
73458	0
73459	0
73460	55
73461	0
73462	0
73463	49
73464	25
73465	19
73466	12
73467	179
73468	0
73469	0
73470	86
73471	0
73472	1
73473	0
73474	0
73475	0
73476	36
73477	16
73478	0
73479	0
73480	0
73481	0
73482	0
73483	0
73484	114
73485	10
73486	40
73487	0
73488	0
73489	25
73490	0
73491	1
73492	0
73493	0
73494	5
73495	0
73496	0
73497	25
73498	0
73499	24
73500	51
73501	16
73502	12
73503	26
73504	17
73505	0
73506	0
73507	0
73508	0
73509	0
73510	0
73511	22
73512	0
73513	0
73514	33
73515	0
73516	0
73517	0
73518	0
73519	14
73520	0
73521	0
73522	0
73523	1
73524	0
73525	0
73526	0
73527	15
73528	0
73529	0
73530	0
73531	0
73532	15
73533	12
73534	0
73535	0
73536	4
73537	0
73538	0
73539	0
73540	1
73541	0
73542	0
73543	0
73544	0
73545	4
73546	0
73547	149
73548	100
73549	109
73550	0
73551	0
73552	0
73553	2
73554	0
73555	0
73556	0
73557	0
73558	7
73559	88
73560	0
73561	0
73562	0
73563	0
73564	1
73565	0
73566	9
73567	83
73568	0
73569	16
73570	16
73571	0
73572	0
73573	20
73574	0
73575	12
73576	40
73577	14
73578	79
73579	0
