96597	1
96598	3
96599	16
96600	0
96601	0
96602	1
96603	142
96604	59
96605	114
96606	3
96607	11
96608	4
96609	12
96610	40
96611	2
96612	0
96613	0
96614	0
96615	2
96616	10
96617	90
96618	6
96619	7
96620	1
96621	7
96622	46
96623	0
96624	1
96625	0
96626	4
96627	4
96628	0
96629	29
96630	0
96631	0
96632	0
96633	26
96634	56
96635	4
96636	5
96637	50
96638	1
96639	0
96640	1
96641	24
96642	4
96643	8
96644	14
96645	34
96646	0
96647	0
96648	4
96649	0
96650	0
96651	4
96652	0
96653	79
96654	51
96655	0
96656	10
96657	1
96658	1
96659	10
96660	0
96661	1
96662	1
96663	0
96664	0
96665	7
96666	4
96667	1
96668	1
96669	6
96670	167
96671	1
96672	44
96673	5
96674	1
96675	1
96676	17
96677	0
96678	9
96679	0
96680	2
96681	1
96682	1
96683	1
96684	0
96685	0
96686	0
96687	0
96688	0
96689	44
96690	37
96691	0
96692	7
96693	0
96694	2
96695	0
96696	0
96697	0
96698	25
96699	0
96700	0
96701	1
96702	22
96703	0
96704	0
96705	4
96706	0
96707	0
96708	0
96709	0
96710	1
96711	0
96712	59
96713	4
96714	0
96715	0
96716	0
96717	0
96718	4
96719	23
96720	11
96721	0
96722	20
96723	10
96724	4
96725	4
96726	18
96727	0
96728	10
96729	1
96730	3
96731	0
96732	0
96733	0
96734	4
96735	182
96736	10
96737	0
96738	0
96739	0
96740	4
96741	4
96742	4
96743	12
96744	17
96745	2
96746	0
96747	23
96748	10
96749	0
96750	0
96751	4
96752	0
96753	0
96754	0
96755	72
96756	30
96757	0
96758	0
96759	0
96760	1
96761	0
96762	7
96763	1
96764	0
96765	0
96766	0
96767	9
96768	1
96769	0
96770	0
96771	4
96772	0
96773	0
96774	7
96775	49
96776	0
96777	1
96778	81
96779	46
96780	0
96781	4
96782	0
96783	73
96784	4
96785	0
96786	19
96787	2
96788	0
96789	40
96790	106
96791	1
96792	35
96793	0
96794	1
96795	0
96796	4
96797	0
96798	43
96799	5
96800	6
96801	9
96802	5
96803	1
96804	1
96805	1
96806	0
96807	0
96808	0
96809	1
96810	22
96811	0
96812	4
96813	0
96814	10
96815	49
96816	0
96817	1
96818	1
96819	0
96820	3
96821	102
96822	0
96823	196
96824	1
96825	0
96826	6
96827	22
96828	0
96829	75
96830	0
96831	2
96832	4
96833	1
96834	0
96835	10
96836	0
96837	2
96838	28
96839	0
96840	142
96841	0
96842	8
96843	24
96844	0
96845	30
96846	0
96847	0
96848	0
96849	8
96850	1
96851	0
96852	10
96853	20
96854	0
96855	36
96856	0
96857	0
96858	0
96859	25
96860	7
96861	1
96862	16
96863	10
96864	4
96865	0
96866	2
96867	20
96868	20
96869	53
96870	1
96871	4
96872	0
96873	0
96874	0
96875	1
96876	0
96877	2
96878	3
96879	16
96880	0
96881	0
96882	9
96883	1
96884	90
96885	0
96886	164
96887	190
96888	128
96889	0
96890	0
96891	7
96892	30
96893	10
96894	1
96895	49
96896	0
96897	0
96898	43
96899	1
96900	0
96901	0
96902	106
96903	30
96904	0
96905	0
96906	0
96907	1
96908	7
96909	4
96910	7
96911	1
96912	7
96913	5
96914	44
96915	7
96916	20
96917	7
96918	16
96919	0
96920	0
96921	0
96922	0
96923	0
96924	1
96925	0
96926	0
96927	0
96928	0
96929	1
96930	1
96931	7
96932	5
96933	1
96934	0
96935	1
96936	0
96937	46
96938	7
96939	10
96940	40
96941	30
96942	1
96943	1
96944	0
96945	0
96946	0
96947	4
96948	4
96949	107
96950	2
96951	0
96952	51
96953	16
96954	0
96955	0
96956	1
96957	1
96958	4
96959	0
96960	7
96961	44
96962	0
96963	0
96964	0
96965	0
96966	10
96967	4
96968	5
96969	4
96970	74
96971	0
96972	11
96973	1
96974	0
96975	40
96976	0
96977	3
96978	0
96979	0
96980	4
96981	0
96982	0
96983	0
96984	1
96985	1
96986	76
96987	3
96988	2
96989	86
96990	14
96991	16
96992	87
96993	10
96994	0
96995	0
96996	1
96997	5
96998	2
96999	0
97000	10
97001	0
97002	0
97003	4
97004	0
97005	4
97006	10
97007	10
97008	4
97009	0
97010	16
97011	1
97012	4
97013	10
97014	8
97015	12
97016	30
97017	146
97018	2
97019	4
97020	0
97021	0
97022	0
97023	0
97024	1
97025	4
97026	48
97027	126
97028	5
97029	20
97030	0
97031	46
97032	0
97033	106
97034	1
97035	1
97036	4
97037	2
97038	0
97039	0
97040	0
97041	20
97042	0
97043	0
97044	1
97045	0
97046	146
97047	0
97048	0
97049	62
97050	36
97051	1
97052	0
97053	0
97054	0
97055	12
97056	4
97057	0
97058	0
97059	60
97060	0
97061	155
97062	116
97063	10
97064	0
97065	0
97066	10
97067	4
97068	0
97069	164
97070	3
97071	0
97072	7
97073	30
97074	1
97075	4
97076	20
97077	0
97078	0
97079	16
97080	10
97081	0
97082	0
97083	0
97084	0
97085	0
97086	4
97087	10
97088	0
97089	0
97090	8
97091	40
97092	1
97093	0
97094	4
97095	0
97096	2
97097	134
97098	68
97099	0
97100	56
97101	1
97102	34
97103	0
97104	1
97105	9
97106	0
97107	10
97108	18
97109	0
97110	1
97111	30
97112	40
97113	2
97114	2
97115	13
97116	30
97117	50
97118	20
97119	49
97120	10
97121	0
97122	0
97123	30
97124	13
97125	25
97126	0
97127	7
97128	4
97129	0
97130	0
97131	1
97132	0
97133	7
97134	2
97135	0
97136	10
97137	0
97138	2
97139	0
97140	0
97141	0
97142	0
97143	20
97144	10
97145	0
97146	0
97147	1
97148	0
97149	127
97150	0
97151	0
97152	4
97153	88
97154	85
97155	0
97156	10
97157	3
97158	0
97159	4
97160	0
97161	0
97162	43
97163	26
97164	7
97165	0
97166	0
97167	2
97168	0
97169	25
97170	95
97171	87
97172	0
97173	0
97174	30
97175	0
97176	39
97177	59
97178	0
97179	1
97180	0
97181	0
97182	4
97183	2
97184	0
97185	0
97186	4
97187	10
97188	0
97189	4
97190	30
97191	0
97192	16
97193	30
97194	0
97195	318
97196	1
97197	0
97198	2
97199	0
97200	83
97201	35
97202	0
97203	0
