93718	34
93719	0
93720	16
93721	1
93722	0
93723	11
93724	12
93725	53
93726	2
93727	10
93728	30
93729	10
93730	0
93731	16
93732	1
93733	4
93734	0
93735	4
93736	0
93737	144
93738	107
93739	4
93740	0
93741	10
93742	1
93743	18
93744	1
93745	0
93746	0
93747	4
93748	0
93749	16
93750	0
93751	1
93752	1
93753	98
93754	68
93755	0
93756	7
93757	77
93758	10
93759	39
93760	46
93761	0
93762	36
93763	16
93764	2
93765	4
93766	0
93767	40
93768	1
93769	8
93770	0
93771	1
93772	12
93773	30
93774	4
93775	0
93776	0
93777	0
93778	0
93779	0
93780	4
93781	10
93782	30
93783	0
93784	59
93785	98
93786	1
93787	20
93788	1
93789	0
93790	15
93791	0
93792	31
93793	1
93794	20
93795	0
93796	12
93797	0
93798	10
93799	1
93800	43
93801	22
93802	30
93803	20
93804	1
93805	32
93806	10
93807	44
93808	4
93809	0
93810	10
93811	0
93812	1
93813	0
93814	16
93815	7
93816	4
93817	0
93818	8
93819	7
93820	30
93821	1
93822	162
93823	114
93824	16
93825	7
93826	10
93827	4
93828	0
93829	20
93830	10
93831	16
93832	126
93833	53
93834	70
93835	5
93836	1
93837	7
93838	0
93839	57
93840	1
93841	1
93842	5
93843	17
93844	8
93845	100
93846	1
93847	31
93848	1
93849	0
93850	10
93851	46
93852	20
93853	10
93854	20
93855	62
93856	10
93857	1
93858	40
93859	1
93860	10
93861	30
93862	30
93863	54
93864	30
93865	0
93866	14
93867	0
93868	82
93869	94
93870	130
93871	4
93872	32
93873	56
93874	45
93875	0
93876	192
93877	230
93878	32
93879	11
93880	34
93881	1
93882	6
93883	1
93884	1
93885	110
93886	59
93887	20
93888	0
93889	10
93890	0
93891	0
93892	0
93893	0
93894	0
93895	4
93896	20
93897	30
93898	28
93899	22
93900	160
93901	4
93902	10
93903	15
93904	49
93905	43
93906	10
93907	0
93908	6
93909	4
93910	6
93911	0
93912	16
93913	4
93914	1
93915	0
93916	18
93917	4
93918	0
93919	16
93920	63
93921	11
93922	84
93923	2
93924	1
93925	0
93926	0
93927	0
93928	20
93929	79
93930	2
93931	11
93932	15
93933	41
93934	0
93935	19
93936	5
93937	0
93938	0
93939	4
93940	1
93941	0
93942	0
93943	1
93944	0
93945	10
93946	10
93947	0
93948	0
93949	10
93950	0
93951	0
93952	1
93953	1
93954	1
93955	0
93956	5
93957	1
93958	10
93959	0
93960	48
93961	60
93962	0
93963	7
93964	1
93965	12
93966	0
93967	0
93968	0
93969	0
93970	70
93971	95
93972	79
93973	36
93974	16
93975	6
93976	17
93977	6
93978	4
93979	23
93980	10
93981	10
93982	1
93983	0
93984	4
93985	0
93986	29
93987	0
93988	20
93989	20
93990	4
93991	10
93992	32
93993	1
93994	35
93995	25
93996	0
93997	0
93998	8
93999	0
94000	10
94001	0
94002	0
94003	0
94004	1
94005	19
94006	3
94007	0
94008	1
94009	0
94010	0
94011	0
94012	23
94013	0
94014	0
94015	0
94016	24
94017	1
94018	0
94019	10
94020	0
94021	0
94022	0
94023	0
94024	0
94025	30
94026	10
94027	10
94028	1
94029	116
94030	10
94031	2
94032	34
94033	2
94034	1
94035	10
94036	10
94037	134
94038	0
94039	2
94040	0
94041	3
94042	0
94043	0
94044	0
94045	0
94046	4
94047	0
94048	0
94049	1
94050	0
94051	0
94052	7
94053	20
94054	1
94055	4
94056	0
94057	119
94058	110
94059	94
94060	0
94061	0
94062	6
94063	62
94064	20
94065	16
94066	2
94067	4
94068	20
94069	96
94070	0
94071	20
94072	0
94073	0
94074	0
94075	0
94076	43
94077	1
94078	108
94079	131
94080	10
94081	14
94082	1
94083	110
94084	30
94085	0
94086	76
94087	63
94088	4
94089	0
94090	139
94091	201
94092	182
94093	0
94094	1
94095	7
94096	20
94097	20
94098	20
94099	4
94100	10
94101	10
94102	1
94103	1
94104	1
94105	35
94106	10
94107	16
94108	5
94109	0
94110	44
94111	67
94112	10
94113	52
94114	10
94115	1
94116	4
94117	1
94118	20
94119	0
94120	0
94121	1
94122	1
94123	2
94124	92
94125	5
94126	0
94127	4
94128	59
94129	10
94130	0
94131	11
94132	0
94133	10
94134	4
94135	5
94136	5
94137	0
94138	20
94139	11
94140	0
94141	10
94142	2
94143	0
94144	2
94145	10
94146	0
94147	0
94148	3
94149	192
94150	140
94151	0
94152	4
94153	0
94154	4
94155	11
94156	20
94157	11
94158	4
94159	4
94160	11
94161	95
94162	27
94163	0
94164	1
94165	41
94166	43
94167	77
94168	16
94169	99
94170	97
94171	4
94172	4
94173	1
94174	24
94175	20
94176	0
94177	13
94178	23
94179	0
94180	1
94181	1
94182	0
94183	0
94184	0
94185	0
94186	4
94187	30
94188	7
94189	0
94190	0
94191	4
94192	5
94193	35
94194	64
94195	4
94196	34
94197	0
94198	10
94199	1
94200	0
94201	30
94202	0
94203	0
94204	1
94205	10
94206	1
94207	0
94208	0
94209	1
94210	0
94211	0
94212	3
94213	38
94214	0
94215	4
94216	4
94217	10
94218	4
94219	20
94220	4
94221	0
94222	0
94223	0
94224	0
94225	0
94226	0
94227	7
94228	0
94229	10
94230	0
94231	2
94232	53
94233	30
94234	0
94235	16
94236	0
94237	4
94238	0
94239	10
94240	20
94241	0
94242	0
94243	0
94244	16
94245	4
94246	0
94247	70
94248	0
94249	0
94250	1
94251	10
94252	0
94253	0
94254	0
94255	20
94256	4
94257	0
94258	51
94259	110
94260	4
94261	0
94262	14
94263	21
94264	0
94265	0
94266	1
94267	0
94268	0
94269	4
94270	0
94271	0
94272	3
94273	10
94274	1
94275	0
94276	4
94277	49
94278	30
94279	1
94280	0
94281	0
94282	20
94283	20
94284	20
94285	0
94286	0
94287	39
94288	0
94289	0
94290	4
94291	5
94292	7
94293	11
94294	4
94295	0
94296	29
94297	4
94298	0
94299	36
94300	44
94301	0
94302	0
94303	0
94304	40
94305	0
94306	2
94307	0
94308	0
94309	0
94310	1
94311	30
94312	44
94313	4
94314	23
94315	2
94316	92
94317	11
94318	2
94319	20
94320	0
94321	10
94322	20
94323	1
