17607	1
17608	0
17609	3
17610	0
17611	0
17612	0
17613	40
17614	262
17615	73
17616	0
17617	1
17618	0
17619	0
17620	0
17621	0
17622	4
17623	0
17624	0
17625	0
17626	0
17627	0
17628	0
17629	51
17630	0
17631	0
17632	10
17633	0
17634	0
17635	10
17636	0
17637	0
17638	10
17639	0
17640	0
17641	160
17642	0
17643	5
17644	0
17645	0
17646	0
17647	2
17648	0
17649	1
17650	0
17651	10
17652	0
17653	1
17654	0
17655	0
17656	4
17657	0
17658	0
17659	0
17660	4
17661	20
17662	0
17663	0
17664	0
17665	10
17666	0
17667	0
17668	1
17669	265
17670	334
17671	10
17672	0
17673	127
17674	10
17675	2
17676	0
17677	0
17678	0
17679	1
17680	0
17681	10
17682	0
17683	0
17684	10
17685	23
17686	0
17687	0
17688	20
17689	2
17690	6
17691	0
17692	23
17693	0
17694	0
17695	0
17696	1
17697	0
17698	0
17699	0
17700	179
17701	20
17702	1
17703	0
17704	0
17705	0
17706	0
17707	243
17708	0
17709	0
17710	10
17711	1
17712	4
17713	1
17714	0
17715	33
17716	0
17717	0
17718	0
17719	0
17720	0
17721	199
17722	20
17723	0
17724	10
17725	4
17726	115
17727	20
17728	0
17729	10
17730	0
17731	1
17732	0
17733	160
17734	1
17735	0
17736	4
17737	0
17738	2
17739	0
17740	0
17741	0
17742	4
17743	0
17744	0
17745	144
17746	0
17747	0
17748	0
17749	1
17750	0
17751	0
17752	0
17753	0
17754	5
17755	2
17756	0
17757	0
17758	0
17759	1
17760	0
17761	0
17762	0
17763	0
17764	0
17765	0
17766	4
17767	0
17768	8
17769	0
17770	0
17771	0
17772	4
17773	30
17774	0
17775	0
17776	0
17777	1
17778	9
17779	10
17780	2
17781	0
17782	0
17783	0
17784	251
17785	0
17786	30
17787	11
17788	1
17789	11
17790	11
17791	10
17792	50
17793	0
17794	0
17795	0
17796	1
17797	0
17798	0
17799	193
17800	194
17801	12
17802	0
17803	0
17804	0
17805	0
17806	28
17807	4
17808	0
17809	50
17810	0
17811	0
17812	0
17813	0
17814	116
17815	20
17816	7
17817	17
17818	4
17819	0
17820	0
17821	0
17822	4
17823	10
17824	12
17825	10
17826	21
17827	0
17828	0
17829	0
17830	38
17831	0
17832	4
17833	37
17834	68
17835	0
17836	71
17837	0
17838	30
17839	4
17840	0
17841	0
17842	0
17843	0
17844	13
17845	0
17846	0
17847	1
17848	0
17849	0
17850	0
17851	0
17852	27
17853	0
17854	0
17855	0
17856	0
17857	29
17858	4
17859	1
17860	12
17861	0
17862	0
17863	0
17864	0
17865	0
17866	0
17867	0
17868	0
17869	0
17870	0
17871	0
17872	4
17873	6
17874	12
17875	0
17876	0
17877	26
17878	4
17879	4
17880	1
17881	0
17882	0
17883	0
17884	0
17885	0
17886	10
17887	1
17888	0
17889	0
17890	0
17891	0
17892	0
17893	0
17894	0
17895	0
17896	1
17897	7
17898	2
17899	0
17900	0
17901	0
17902	0
17903	0
17904	93
17905	114
17906	148
17907	0
17908	0
17909	0
17910	0
17911	0
17912	2
17913	0
17914	0
17915	6
17916	13
17917	117
17918	1
17919	0
17920	0
17921	44
17922	4
17923	1
17924	4
17925	0
17926	0
17927	0
17928	0
17929	2
17930	0
17931	58
17932	10
17933	29
17934	0
17935	0
17936	0
17937	0
17938	0
17939	0
17940	1
17941	0
17942	7
17943	4
17944	0
17945	0
17946	0
17947	0
17948	39
17949	0
17950	41
17951	50
17952	0
17953	9
17954	0
17955	0
17956	0
17957	0
17958	16
17959	7
17960	0
17961	10
17962	56
17963	0
17964	211
17965	20
17966	0
17967	0
17968	0
17969	0
17970	1
17971	0
17972	0
17973	0
17974	0
17975	0
17976	0
17977	0
17978	0
17979	0
17980	0
17981	1
17982	38
17983	0
17984	0
17985	0
17986	0
17987	0
17988	0
17989	1
17990	0
17991	0
17992	16
17993	0
17994	0
17995	4
17996	0
17997	0
17998	0
17999	4
18000	2
18001	1
18002	0
18003	0
18004	1
18005	0
18006	70
18007	0
18008	0
18009	0
18010	50
18011	1
18012	0
18013	0
18014	0
18015	0
18016	0
18017	0
18018	16
18019	59
18020	0
18021	0
18022	0
18023	0
18024	0
18025	60
18026	89
18027	0
18028	0
18029	0
18030	0
18031	48
18032	0
18033	33
18034	0
18035	0
18036	20
18037	0
18038	0
18039	52
18040	0
18041	1
18042	1
18043	80
18044	1
18045	4
18046	43
18047	0
18048	0
18049	4
18050	0
18051	0
18052	7
18053	4
18054	2
18055	2
18056	49
18057	0
18058	0
18059	30
18060	0
18061	0
18062	0
18063	0
18064	0
18065	30
18066	0
18067	0
18068	0
18069	0
18070	0
18071	103
18072	0
18073	71
18074	0
18075	212
18076	173
18077	0
18078	0
18079	0
18080	0
18081	0
18082	0
18083	0
18084	1
18085	0
18086	0
18087	0
18088	0
18089	0
18090	1
18091	6
18092	0
18093	11
18094	0
18095	0
18096	8
18097	1
18098	1
18099	7
18100	0
18101	14
18102	2
18103	6
18104	12
18105	0
18106	0
18107	4
18108	0
18109	0
18110	0
18111	0
18112	16
18113	0
18114	0
18115	20
18116	0
18117	17
18118	0
18119	0
18120	0
18121	55
18122	0
18123	0
18124	0
18125	0
18126	0
18127	13
18128	0
18129	166
18130	0
18131	0
18132	0
18133	0
18134	1
18135	62
18136	141
18137	0
18138	5
18139	40
18140	0
18141	10
18142	0
18143	0
18144	0
18145	0
18146	35
18147	0
18148	0
18149	279
18150	0
18151	0
18152	4
18153	1
18154	150
18155	1
18156	0
18157	0
18158	0
18159	0
18160	8
18161	32
18162	0
18163	41
18164	52
18165	9
18166	1
18167	0
18168	0
18169	39
18170	0
18171	1
18172	0
18173	0
18174	0
18175	7
18176	0
18177	10
18178	0
18179	59
18180	0
18181	0
18182	0
18183	5
18184	4
18185	0
18186	6
18187	0
18188	4
18189	7
18190	0
18191	99
18192	20
18193	0
18194	1
18195	89
18196	29
18197	29
18198	0
18199	1
18200	1
18201	0
18202	0
18203	0
18204	0
18205	10
18206	138
18207	0
18208	0
18209	0
18210	10
18211	53
18212	3
18213	0
18214	24
18215	1
18216	0
18217	20
18218	0
18219	179
18220	29
18221	0
18222	0
18223	50
18224	0
18225	0
18226	0
18227	0
18228	4
18229	0
18230	167
18231	163
18232	0
18233	0
18234	0
18235	0
18236	0
18237	0
18238	0
18239	0
18240	0
18241	253
18242	0
18243	0
18244	239
18245	0
18246	0
18247	4
18248	0
18249	0
18250	0
18251	76
18252	39
18253	0
18254	21
18255	0
18256	0
18257	4
18258	0
18259	0
18260	117
18261	0
18262	0
18263	4
18264	0
18265	1
18266	0
18267	6
18268	0
18269	1
18270	215
18271	0
18272	0
18273	1
18274	13
18275	0
18276	30
18277	0
18278	21
18279	183
18280	0
18281	0
18282	137
18283	27
18284	3
18285	22
18286	0
18287	12
18288	0
18289	0
18290	1
18291	0
18292	0
18293	228
18294	0
18295	0
18296	0
18297	2
18298	7
18299	7
18300	0
18301	0
18302	1
18303	0
18304	0
18305	1
18306	0
18307	20
18308	0
18309	0
18310	1
18311	5
18312	0
18313	32
18314	0
18315	0
18316	0
18317	10
18318	4
18319	0
18320	0
18321	0
18322	46
18323	0
18324	0
18325	0
18326	0
18327	0
18328	239
18329	0
18330	0
18331	1
18332	0
18333	0
18334	0
18335	0
18336	203
18337	14
18338	0
18339	142
18340	0
18341	4
18342	10
18343	0
18344	0
18345	0
18346	0
18347	0
18348	2
18349	0
18350	0
18351	0
18352	0
18353	0
18354	123
18355	1
18356	0
18357	0
18358	0
18359	0
18360	0
18361	0
18362	0
18363	35
18364	0
18365	0
