72918	0
72919	0
72920	12
72921	0
72922	99
72923	10
72924	0
72925	0
72926	87
72927	128
72928	12
72929	0
72930	38
72931	50
72932	0
72933	4
72934	0
72935	0
72936	0
72937	2
72938	1
72939	12
72940	0
72941	0
72942	43
72943	11
72944	32
72945	0
72946	0
72947	16
72948	0
72949	0
72950	78
72951	247
72952	0
72953	4
72954	143
72955	1
72956	0
72957	4
72958	132
72959	30
72960	0
72961	4
72962	54
72963	7
72964	186
72965	4
72966	0
72967	0
72968	0
72969	0
72970	4
72971	1
72972	0
72973	147
72974	9
72975	0
72976	0
72977	0
72978	10
72979	0
72980	160
72981	1
72982	10
72983	44
72984	0
72985	54
72986	0
72987	0
72988	0
72989	44
72990	280
72991	0
72992	0
72993	0
72994	0
72995	0
72996	10
72997	128
72998	0
72999	63
73000	0
73001	32
73002	0
73003	0
73004	115
73005	3
73006	10
73007	0
73008	2
73009	13
73010	0
73011	0
73012	0
73013	1
73014	1
73015	4
73016	0
73017	1
73018	8
73019	2
73020	0
73021	0
73022	4
73023	1
73024	2
73025	2
73026	0
73027	0
73028	4
73029	0
73030	4
73031	0
73032	0
73033	0
73034	2
73035	0
73036	0
73037	0
73038	46
73039	10
73040	50
73041	8
73042	18
73043	0
73044	7
73045	0
73046	1
73047	0
73048	0
73049	21
73050	2
73051	0
73052	7
73053	0
73054	5
73055	3
73056	4
73057	20
73058	38
73059	0
73060	0
73061	0
73062	1
73063	0
73064	0
73065	0
73066	0
73067	0
73068	0
73069	4
73070	0
73071	0
73072	74
73073	0
73074	44
73075	20
73076	5
73077	4
73078	0
73079	0
73080	4
73081	34
73082	16
73083	0
73084	20
73085	277
73086	0
73087	0
73088	0
73089	0
73090	2
73091	0
73092	10
73093	0
73094	344
73095	0
73096	38
73097	1
73098	0
73099	5
73100	1
73101	174
73102	0
73103	0
73104	3
73105	0
73106	0
73107	0
73108	0
73109	50
73110	64
73111	246
73112	115
73113	11
73114	158
73115	75
73116	31
73117	16
73118	65
73119	35
73120	0
73121	16
73122	4
73123	0
73124	0
73125	0
73126	2
73127	0
73128	7
73129	103
73130	18
73131	0
73132	4
73133	120
73134	10
73135	0
73136	0
73137	0
73138	0
73139	22
73140	30
73141	2
73142	0
73143	0
73144	1
73145	1
73146	0
73147	0
73148	35
73149	0
73150	1
73151	0
73152	0
73153	20
73154	0
73155	0
73156	0
73157	69
73158	0
73159	134
73160	0
73161	1
73162	0
73163	25
73164	13
73165	1
73166	11
73167	71
73168	96
73169	0
73170	0
73171	237
73172	22
73173	229
73174	135
73175	0
73176	0
73177	164
73178	3
73179	0
73180	0
73181	0
73182	46
73183	62
73184	15
73185	16
73186	0
73187	4
73188	81
73189	0
73190	5
73191	0
73192	220
73193	1
73194	1
73195	91
73196	0
73197	0
73198	0
73199	58
73200	0
73201	22
73202	0
73203	50
73204	0
73205	40
73206	0
73207	80
73208	0
73209	0
73210	0
73211	4
73212	10
73213	57
73214	20
73215	0
73216	4
73217	83
73218	10
73219	20
73220	1
73221	2
73222	0
73223	0
73224	0
73225	0
73226	10
73227	22
73228	0
73229	0
73230	0
73231	0
73232	10
73233	0
73234	13
73235	34
73236	6
73237	22
73238	0
73239	2
73240	4
73241	0
73242	0
73243	0
73244	2
73245	1
73246	30
73247	20
73248	0
73249	4
73250	81
73251	7
73252	0
73253	1
73254	0
73255	0
73256	6
73257	0
73258	20
73259	0
73260	0
73261	58
73262	77
73263	0
73264	4
73265	50
73266	2
73267	5
73268	30
73269	2
73270	0
73271	71
73272	31
73273	283
73274	13
73275	34
73276	0
73277	0
73278	10
73279	51
73280	270
73281	1
73282	13
73283	0
73284	0
73285	33
73286	0
73287	0
73288	0
73289	1
73290	0
73291	16
73292	169
73293	41
73294	0
73295	0
73296	1
73297	0
73298	37
73299	59
73300	37
73301	2
73302	0
73303	43
73304	22
73305	0
73306	5
73307	6
73308	82
73309	1
73310	28
73311	0
73312	10
73313	105
73314	0
73315	0
73316	0
73317	5
73318	58
73319	134
73320	58
73321	70
73322	55
73323	20
73324	0
73325	30
73326	0
73327	23
73328	10
73329	10
73330	15
73331	10
73332	0
73333	0
73334	37
73335	0
73336	0
73337	285
73338	0
73339	10
73340	4
73341	3
73342	30
73343	10
73344	1
73345	0
73346	12
73347	7
73348	187
73349	34
73350	43
73351	20
73352	10
73353	223
73354	0
73355	0
73356	24
73357	0
73358	0
73359	34
73360	4
73361	0
73362	11
73363	92
73364	105
73365	21
73366	1
73367	46
73368	0
73369	0
73370	213
73371	7
73372	115
73373	0
73374	4
73375	224
73376	0
73377	0
73378	1
73379	1
73380	0
73381	13
73382	10
73383	16
73384	1
73385	5
73386	0
73387	0
73388	38
73389	75
73390	0
73391	6
73392	0
73393	104
73394	116
73395	47
73396	20
73397	0
73398	38
73399	4
73400	0
73401	16
73402	7
73403	0
73404	0
73405	27
73406	0
73407	1
73408	40
73409	0
73410	97
73411	24
73412	1
73413	1
73414	7
73415	18
73416	20
73417	94
73418	7
73419	0
73420	0
73421	24
73422	174
73423	103
73424	0
73425	221
73426	43
73427	0
73428	9
73429	0
73430	93
73431	0
73432	115
73433	0
73434	0
73435	0
73436	22
73437	0
73438	37
73439	0
73440	0
73441	15
73442	69
73443	133
73444	0
73445	20
73446	0
73447	0
73448	4
73449	0
73450	0
73451	95
73452	22
73453	8
73454	4
73455	4
73456	94
73457	11
73458	1
73459	2
73460	94
73461	0
73462	0
73463	103
73464	67
73465	57
73466	34
73467	257
73468	0
73469	0
73470	129
73471	0
73472	4
73473	0
73474	1
73475	0
73476	96
73477	34
73478	3
73479	0
73480	0
73481	0
73482	0
73483	0
73484	171
73485	20
73486	65
73487	0
73488	4
73489	73
73490	0
73491	4
73492	0
73493	2
73494	18
73495	2
73496	0
73497	76
73498	0
73499	53
73500	128
73501	30
73502	44
73503	74
73504	38
73505	0
73506	2
73507	0
73508	0
73509	0
73510	0
73511	39
73512	0
73513	0
73514	87
73515	0
73516	1
73517	1
73518	0
73519	34
73520	0
73521	2
73522	0
73523	4
73524	0
73525	0
73526	0
73527	49
73528	0
73529	1
73530	0
73531	1
73532	46
73533	40
73534	1
73535	0
73536	10
73537	0
73538	0
73539	0
73540	4
73541	0
73542	0
73543	1
73544	0
73545	10
73546	0
73547	211
73548	161
73549	173
73550	0
73551	0
73552	0
73553	13
73554	0
73555	0
73556	0
73557	0
73558	27
73559	132
73560	0
73561	1
73562	0
73563	0
73564	4
73565	0
73566	45
73567	166
73568	0
73569	30
73570	52
73571	0
73572	1
73573	57
73574	0
73575	40
73576	104
73577	46
73578	148
73579	0
