59979	6
59980	0
59981	0
59982	1
59983	117
59984	10
59985	0
59986	0
59987	1
59988	19
59989	13
59990	5
59991	4
59992	0
59993	0
59994	0
59995	0
59996	24
59997	134
59998	0
59999	0
60000	9
60001	52
60002	1
60003	2
60004	0
60005	2
60006	50
60007	0
60008	0
60009	0
60010	0
60011	61
60012	0
60013	64
60014	0
60015	4
60016	0
60017	0
60018	4
60019	4
60020	0
60021	10
60022	1
60023	1
60024	4
60025	27
60026	80
60027	3
60028	0
60029	0
60030	244
60031	1
60032	0
60033	0
60034	0
60035	0
60036	0
60037	78
60038	10
60039	40
60040	73
60041	0
60042	1
60043	8
60044	0
60045	0
60046	127
60047	26
60048	0
60049	4
60050	11
60051	0
60052	0
60053	0
60054	0
60055	0
60056	1
60057	0
60058	0
60059	22
60060	35
60061	10
60062	1
60063	0
60064	16
60065	7
60066	10
60067	0
60068	4
60069	12
60070	0
60071	77
60072	98
60073	0
60074	0
60075	0
60076	0
60077	1
60078	1
60079	0
60080	0
60081	0
60082	11
60083	33
60084	32
60085	1
60086	0
60087	19
60088	0
60089	59
60090	4
60091	0
60092	113
60093	80
60094	0
60095	0
60096	0
60097	0
60098	4
60099	0
60100	4
60101	0
60102	20
60103	16
60104	76
60105	35
60106	7
60107	59
60108	22
60109	0
60110	21
60111	72
60112	78
60113	0
60114	0
60115	0
60116	0
60117	25
60118	37
60119	7
60120	0
60121	8
60122	0
60123	0
60124	0
60125	10
60126	0
60127	20
60128	0
60129	0
60130	0
60131	0
60132	0
60133	17
60134	24
60135	51
60136	10
60137	0
60138	39
60139	0
60140	0
60141	37
60142	3
60143	0
60144	0
60145	1
60146	12
60147	4
60148	4
60149	0
60150	1
60151	11
60152	38
60153	71
60154	35
60155	4
60156	0
60157	4
60158	0
60159	18
60160	2
60161	67
60162	58
60163	36
60164	0
60165	4
60166	21
60167	0
60168	27
60169	140
60170	0
60171	18
60172	39
60173	235
60174	0
60175	0
60176	0
60177	108
60178	92
60179	20
60180	65
60181	21
60182	1
60183	44
60184	0
60185	0
60186	0
60187	0
60188	0
60189	0
60190	123
60191	175
60192	0
60193	8
60194	0
60195	0
60196	101
60197	99
60198	10
60199	1
60200	10
60201	4
60202	0
60203	8
60204	14
60205	4
60206	1
60207	0
60208	0
60209	0
60210	0
60211	10
60212	33
60213	20
60214	35
60215	1
60216	1
60217	0
60218	20
60219	1
60220	0
60221	39
60222	213
60223	161
60224	0
60225	0
60226	0
60227	10
60228	0
60229	39
60230	36
60231	0
60232	0
60233	0
60234	15
60235	0
60236	0
60237	35
60238	15
60239	9
60240	97
60241	10
60242	0
60243	42
60244	1
60245	20
60246	1
60247	38
60248	4
60249	0
60250	4
60251	0
60252	0
60253	0
60254	0
60255	1
60256	1
60257	0
60258	0
60259	4
60260	0
60261	202
60262	4
60263	40
60264	76
60265	70
60266	20
60267	0
60268	1
60269	0
60270	37
60271	223
60272	0
60273	1
60274	0
60275	0
60276	1
60277	4
60278	0
60279	0
60280	0
60281	1
60282	0
60283	0
60284	33
60285	20
60286	7
60287	4
60288	20
60289	6
60290	25
60291	0
60292	1
60293	4
60294	4
60295	0
60296	192
60297	15
60298	12
60299	0
60300	4
60301	5
60302	3
60303	124
60304	0
60305	113
60306	65
60307	0
60308	38
60309	0
60310	0
60311	0
60312	17
60313	0
60314	0
60315	0
60316	0
60317	118
60318	0
60319	41
60320	0
60321	4
60322	10
60323	5
60324	9
60325	0
60326	0
60327	0
60328	0
60329	104
60330	10
60331	94
60332	0
60333	10
60334	0
60335	11
60336	0
60337	0
60338	4
60339	4
60340	0
60341	14
60342	2
60343	4
60344	6
60345	37
60346	0
60347	1
60348	35
60349	21
60350	0
60351	62
60352	153
60353	3
60354	0
60355	52
60356	1
60357	1
60358	1
60359	0
60360	0
60361	0
60362	58
60363	20
60364	2
60365	30
60366	0
60367	0
60368	0
60369	1
60370	22
60371	14
60372	0
60373	0
60374	0
60375	0
60376	7
60377	0
60378	91
60379	4
60380	0
60381	0
60382	26
60383	0
60384	6
60385	4
60386	0
60387	27
60388	0
60389	0
60390	10
60391	20
60392	0
60393	97
60394	55
60395	0
60396	0
60397	0
60398	50
60399	0
60400	0
60401	10
60402	0
60403	0
60404	1
60405	10
60406	4
60407	2
60408	10
60409	0
60410	30
60411	30
60412	4
60413	0
60414	1
60415	18
60416	0
60417	0
60418	96
60419	77
60420	10
60421	1
60422	60
60423	0
60424	4
60425	0
60426	1
60427	0
60428	3
60429	0
60430	5
60431	34
60432	0
60433	70
60434	4
60435	0
60436	11
60437	84
60438	4
60439	5
60440	0
60441	0
60442	0
60443	20
60444	20
60445	0
60446	4
60447	0
60448	50
60449	0
60450	30
60451	12
60452	0
60453	0
60454	0
60455	0
60456	50
60457	0
60458	65
60459	0
60460	0
60461	0
60462	41
60463	0
60464	79
60465	162
60466	45
60467	107
60468	77
60469	184
60470	277
60471	98
60472	138
60473	4
60474	35
60475	1
60476	0
60477	0
60478	0
60479	1
60480	0
60481	20
60482	0
60483	0
60484	43
60485	0
60486	12
60487	93
60488	51
60489	116
60490	10
60491	10
60492	35
60493	16
60494	0
60495	92
60496	2
60497	0
60498	0
60499	0
60500	0
60501	0
60502	90
60503	0
60504	0
60505	20
60506	0
60507	0
60508	87
60509	0
60510	0
60511	0
60512	0
60513	0
60514	0
60515	16
60516	0
60517	4
60518	4
60519	0
60520	0
60521	0
60522	0
60523	0
60524	7
60525	1
60526	4
60527	14
60528	10
60529	0
60530	0
60531	0
60532	1
60533	0
60534	1
60535	0
60536	67
60537	0
60538	37
60539	10
60540	1
60541	3
60542	4
60543	4
60544	43
60545	0
60546	1
60547	74
60548	4
60549	20
60550	0
60551	0
60552	0
60553	0
60554	152
60555	121
60556	8
60557	0
60558	1
60559	0
60560	21
60561	1
60562	0
60563	35
60564	16
60565	28
60566	0
60567	30
60568	2
60569	0
60570	14
60571	4
60572	5
60573	1
60574	0
60575	0
60576	0
60577	7
60578	0
60579	66
60580	5
60581	27
60582	1
60583	26
60584	0
60585	10
60586	4
60587	0
60588	4
60589	0
60590	1
60591	0
60592	0
60593	30
60594	22
60595	10
60596	0
60597	0
60598	1
60599	26
60600	11
60601	16
60602	0
60603	65
60604	0
60605	0
60606	82
60607	120
60608	34
60609	4
60610	74
60611	0
60612	82
60613	5
60614	1
60615	0
60616	6
60617	8
60618	10
60619	0
60620	5
60621	179
60622	0
60623	1
60624	0
60625	0
60626	0
60627	0
60628	64
60629	0
60630	0
60631	0
60632	0
60633	78
60634	0
60635	0
60636	33
60637	0
60638	0
60639	4
60640	35
60641	4
60642	5
60643	20
60644	0
60645	0
60646	0
60647	0
60648	0
60649	228
60650	104
60651	0
60652	80
60653	0
60654	0
60655	0
60656	10
60657	0
60658	0
60659	21
60660	43
60661	0
60662	0
60663	0
60664	0
60665	19
60666	215
60667	18
60668	73
60669	0
60670	1
60671	0
60672	5
60673	0
60674	18
60675	4
60676	0
60677	10
60678	0
60679	147
60680	0
60681	30
60682	0
60683	0
60684	54
60685	4
60686	0
60687	154
60688	21
60689	21
60690	4
60691	0
60692	1
60693	16
60694	0
60695	0
60696	0
60697	0
60698	0
60699	0
60700	0
60701	0
60702	0
60703	0
60704	0
60705	4
60706	308
60707	66
60708	0
60709	0
60710	0
60711	0
60712	4
60713	35
60714	0
60715	0
60716	2
60717	83
60718	0
60719	0
60720	0
60721	0
60722	0
60723	0
60724	75
60725	0
60726	2
60727	0
60728	6
60729	0
60730	20
60731	0
60732	30
60733	0
60734	5
60735	92
60736	45
60737	0
60738	10
60739	10
60740	39
60741	26
60742	133
60743	145
60744	20
60745	2
60746	0
60747	0
60748	1
60749	20
60750	10
60751	13
60752	152
60753	50
60754	0
60755	223
60756	0
60757	0
60758	1
60759	0
60760	90
60761	4
60762	2
60763	0
60764	0
60765	20
60766	1
60767	0
60768	0
60769	0
60770	0
60771	48
60772	103
60773	145
60774	156
60775	85
60776	1
60777	0
60778	0
60779	24
60780	0
60781	117
60782	2
60783	50
60784	0
60785	2
60786	0
60787	0
60788	0
60789	4
60790	53
60791	40
60792	40
60793	24
60794	18
60795	35
60796	0
60797	4
60798	0
60799	0
60800	1
60801	5
60802	0
60803	0
60804	36
60805	0
60806	2
60807	74
60808	18
60809	0
60810	108
60811	0
60812	4
60813	20
60814	0
60815	0
60816	10
60817	0
60818	1
60819	0
60820	10
60821	106
60822	10
60823	0
60824	22
60825	0
60826	0
60827	0
60828	18
60829	0
60830	1
60831	0
60832	0
60833	24
60834	0
60835	3
60836	10
60837	0
60838	0
60839	61
60840	84
60841	44
60842	0
60843	10
60844	7
60845	0
60846	35
60847	0
60848	2
60849	2
60850	272
60851	218
60852	4
60853	55
60854	65
60855	175
60856	23
60857	108
60858	0
60859	0
60860	0
60861	0
60862	23
60863	0
60864	0
60865	1
60866	0
60867	7
60868	0
60869	2
60870	31
60871	0
60872	3
60873	250
60874	0
60875	0
60876	4
60877	0
60878	13
60879	49
60880	11
60881	4
60882	1
60883	84
60884	0
60885	0
60886	0
60887	0
60888	4
60889	20
60890	0
60891	0
60892	0
60893	96
60894	0
60895	4
60896	144
60897	0
60898	2
60899	0
60900	3
60901	35
60902	1
60903	20
60904	4
60905	0
60906	4
60907	25
60908	17
60909	20
60910	20
60911	40
60912	0
60913	0
60914	4
60915	0
60916	1
60917	104
60918	32
60919	2
60920	2
60921	1
60922	0
60923	0
60924	0
60925	5
60926	0
60927	0
60928	103
60929	131
60930	0
60931	0
60932	10
60933	0
60934	104
60935	25
60936	4
60937	4
60938	7
60939	7
60940	0
60941	0
60942	0
60943	0
60944	10
60945	0
60946	0
60947	0
60948	205
60949	26
60950	211
60951	196
60952	152
60953	185
60954	184
60955	4
60956	0
60957	0
60958	0
60959	10
60960	4
60961	0
60962	17
60963	12
60964	0
60965	82
60966	137
60967	0
60968	74
60969	20
60970	0
60971	0
60972	0
60973	0
60974	81
60975	203
60976	198
60977	59
60978	4
60979	11
60980	0
60981	112
60982	1
60983	0
60984	0
60985	0
60986	10
60987	0
60988	10
60989	0
60990	2
60991	0
60992	0
60993	1
60994	0
60995	4
60996	0
60997	35
60998	0
60999	0
61000	0
61001	0
61002	3
61003	20
61004	0
61005	0
61006	293
61007	0
61008	0
61009	0
61010	58
61011	4
61012	7
61013	20
61014	12
61015	4
61016	43
61017	20
61018	159
61019	0
61020	0
61021	0
61022	6
61023	0
61024	18
61025	0
61026	4
61027	2
61028	47
61029	63
61030	0
61031	4
61032	30
61033	13
61034	20
61035	1
61036	1
61037	7
61038	5
61039	4
61040	0
61041	1
61042	21
61043	0
61044	4
61045	52
61046	0
61047	21
61048	0
61049	71
61050	4
61051	26
61052	6
61053	1
61054	15
61055	149
61056	21
61057	0
61058	6
61059	18
61060	0
61061	0
61062	29
61063	6
61064	6
61065	1
61066	16
61067	0
61068	0
61069	0
61070	1
61071	0
61072	4
61073	10
61074	23
61075	20
61076	0
61077	0
61078	0
61079	0
61080	0
61081	0
61082	15
61083	49
61084	10
61085	28
61086	13
61087	4
61088	0
61089	172
61090	0
61091	0
61092	4
61093	6
61094	0
61095	0
61096	20
61097	31
61098	11
61099	10
61100	0
61101	0
61102	12
61103	0
61104	0
61105	18
61106	0
61107	0
61108	0
61109	0
61110	52
61111	67
61112	41
61113	20
61114	0
61115	0
61116	98
61117	5
61118	174
61119	0
61120	0
61121	10
61122	9
61123	0
61124	0
61125	0
61126	4
61127	108
61128	16
61129	30
61130	39
61131	0
61132	0
61133	10
61134	0
61135	47
61136	0
61137	0
61138	4
61139	0
61140	19
61141	35
61142	4
61143	4
61144	20
61145	0
61146	126
61147	28
61148	14
61149	0
61150	1
61151	0
61152	0
61153	57
61154	7
61155	41
61156	0
61157	0
61158	0
61159	0
61160	0
61161	0
61162	0
61163	0
61164	0
61165	13
61166	20
61167	0
61168	0
61169	24
61170	0
61171	0
61172	0
61173	0
61174	20
61175	10
61176	0
61177	0
61178	0
61179	4
61180	0
61181	17
61182	5
61183	0
61184	0
61185	0
61186	0
61187	0
61188	0
61189	0
61190	0
61191	10
61192	4
61193	0
61194	0
61195	0
61196	56
61197	0
61198	0
61199	0
61200	0
61201	9
61202	31
61203	1
61204	0
61205	23
61206	26
61207	0
61208	0
61209	0
61210	83
61211	0
61212	0
61213	0
61214	0
61215	11
61216	0
61217	29
61218	0
61219	0
61220	20
61221	0
61222	1
61223	23
61224	218
61225	63
61226	7
61227	1
61228	0
61229	0
61230	14
61231	0
61232	0
61233	0
61234	0
61235	1
61236	92
61237	1
61238	62
61239	99
61240	144
61241	0
61242	92
61243	16
61244	1
61245	0
61246	65
61247	5
61248	121
61249	86
61250	0
61251	0
61252	32
61253	0
61254	0
61255	0
61256	0
61257	2
61258	2
61259	22
61260	14
61261	0
61262	26
61263	4
61264	91
61265	0
61266	4
61267	1
61268	0
61269	1
61270	1
61271	0
61272	4
61273	0
61274	0
61275	30
61276	137
61277	140
61278	10
61279	218
61280	0
61281	1
61282	0
61283	0
61284	0
61285	0
61286	0
61287	16
61288	20
61289	0
61290	63
61291	40
61292	0
61293	0
61294	0
61295	35
61296	0
61297	58
61298	0
61299	36
61300	32
61301	1
61302	1
61303	75
61304	0
61305	12
61306	0
61307	4
61308	10
61309	46
61310	0
61311	2
61312	10
61313	0
61314	0
61315	0
61316	68
61317	173
61318	35
61319	20
61320	18
61321	1
61322	0
61323	4
61324	4
61325	23
61326	1
61327	0
61328	0
61329	0
61330	1
61331	13
61332	0
61333	77
61334	0
61335	0
61336	27
61337	1
61338	0
61339	2
61340	0
61341	0
61342	0
61343	47
61344	0
61345	0
61346	0
61347	30
61348	20
61349	4
61350	30
61351	10
61352	1
61353	164
61354	95
61355	0
61356	4
61357	179
61358	33
61359	86
61360	191
61361	90
61362	162
61363	23
61364	50
61365	13
61366	1
61367	10
61368	5
61369	2
61370	34
61371	4
61372	0
61373	231
61374	0
61375	2
61376	100
61377	94
61378	109
61379	2
61380	113
61381	121
61382	142
61383	4
61384	20
61385	0
61386	10
61387	0
61388	0
61389	10
61390	0
61391	0
61392	0
61393	10
61394	0
61395	1
61396	201
61397	0
61398	4
61399	4
61400	4
61401	0
61402	7
61403	1
61404	3
61405	10
61406	0
61407	1
61408	1
61409	0
61410	10
61411	35
61412	2
61413	70
61414	17
61415	18
61416	0
61417	2
61418	3
61419	0
61420	10
61421	0
61422	1
61423	30
61424	0
61425	0
61426	5
61427	0
61428	21
61429	20
61430	0
61431	0
61432	1
61433	38
61434	14
61435	18
61436	69
61437	0
61438	0
61439	0
61440	0
61441	35
61442	13
61443	81
61444	27
61445	23
61446	4
61447	1
61448	0
61449	0
61450	100
61451	0
61452	0
61453	0
61454	246
61455	2
61456	190
61457	88
61458	86
61459	0
61460	20
61461	0
61462	0
61463	0
61464	25
61465	0
61466	138
61467	41
61468	115
61469	0
61470	0
61471	11
61472	0
61473	0
61474	0
61475	0
61476	10
61477	36
61478	0
61479	0
61480	20
61481	131
61482	131
61483	6
61484	6
61485	0
61486	0
61487	0
61488	0
61489	20
61490	0
61491	0
61492	0
61493	5
61494	0
61495	59
61496	0
61497	149
61498	104
61499	63
61500	30
61501	0
61502	0
61503	0
61504	0
61505	0
61506	7
61507	27
61508	30
61509	0
61510	0
61511	4
61512	67
61513	34
61514	0
61515	0
61516	0
61517	1
61518	0
61519	1
61520	1
61521	145
61522	62
61523	0
61524	0
61525	0
61526	12
61527	1
61528	2
61529	4
61530	0
61531	30
61532	0
61533	0
61534	0
61535	0
61536	0
61537	0
61538	0
61539	0
61540	1
61541	5
61542	127
61543	112
61544	0
61545	0
61546	0
61547	0
61548	69
61549	1
61550	4
61551	0
61552	4
61553	0
61554	0
61555	0
61556	4
61557	0
61558	0
61559	41
61560	10
61561	0
61562	7
61563	0
61564	1
61565	20
61566	0
61567	0
61568	5
61569	96
61570	0
61571	0
61572	179
61573	105
61574	21
61575	56
61576	14
61577	0
61578	1
61579	0
61580	0
61581	20
61582	0
61583	56
61584	0
61585	45
61586	0
61587	0
61588	21
61589	0
61590	25
61591	0
61592	61
61593	10
61594	0
61595	51
61596	0
61597	0
61598	0
61599	53
61600	0
61601	8
61602	1
61603	1
61604	0
61605	0
61606	0
61607	188
61608	268
61609	50
61610	4
61611	0
61612	79
61613	0
61614	20
61615	50
61616	50
61617	0
61618	0
61619	0
61620	11
61621	0
61622	0
61623	0
61624	4
61625	1
61626	4
61627	4
61628	10
61629	32
61630	0
61631	10
61632	14
61633	0
61634	16
61635	7
61636	3
61637	27
61638	0
61639	0
61640	10
61641	51
61642	18
61643	30
61644	1
61645	10
61646	0
61647	4
61648	21
61649	41
61650	48
61651	28
61652	43
61653	51
61654	38
61655	4
61656	0
61657	78
61658	0
61659	0
61660	0
61661	48
61662	237
61663	247
61664	152
61665	194
61666	68
61667	43
61668	0
61669	0
61670	0
61671	10
61672	48
61673	10
61674	0
61675	69
61676	86
61677	4
61678	10
61679	93
61680	1
61681	0
61682	0
61683	0
61684	40
61685	4
61686	132
61687	51
61688	0
61689	1
61690	0
61691	4
61692	16
61693	20
61694	1
61695	4
61696	0
61697	0
61698	0
61699	0
61700	44
61701	0
61702	0
61703	0
61704	10
61705	20
61706	0
61707	0
61708	2
61709	10
61710	10
61711	4
61712	0
61713	10
61714	27
61715	0
61716	0
61717	8
61718	4
61719	4
61720	0
61721	0
61722	16
61723	83
61724	4
61725	101
61726	78
61727	38
61728	0
61729	106
61730	1
61731	0
61732	0
61733	0
61734	0
61735	0
61736	0
61737	0
61738	13
61739	20
61740	26
61741	131
61742	254
61743	138
61744	175
61745	7
61746	120
61747	158
61748	0
61749	0
61750	1
61751	226
61752	12
61753	4
61754	0
61755	0
61756	162
61757	296
61758	0
61759	1
61760	60
61761	18
61762	35
61763	10
61764	21
61765	0
61766	0
61767	0
61768	7
61769	1
61770	2
61771	1
61772	10
61773	4
61774	12
61775	21
61776	171
61777	141
61778	273
61779	284
61780	1
61781	40
61782	0
61783	0
61784	4
61785	22
61786	0
61787	0
61788	108
61789	108
61790	1
61791	0
61792	0
61793	2
61794	8
61795	27
61796	16
61797	0
61798	10
61799	104
61800	0
61801	0
61802	10
61803	0
61804	0
61805	0
61806	34
61807	10
61808	10
61809	0
61810	4
61811	10
61812	200
61813	54
61814	75
61815	0
61816	0
61817	70
61818	0
61819	0
61820	4
61821	1
61822	1
61823	0
61824	2
61825	0
61826	1
61827	0
61828	0
61829	0
61830	12
61831	0
61832	0
61833	73
61834	0
61835	0
61836	0
61837	0
61838	1
61839	0
61840	1
61841	0
61842	113
61843	10
61844	0
61845	0
61846	1
61847	30
61848	65
61849	0
61850	0
61851	1
61852	1
61853	46
61854	20
61855	36
61856	0
61857	0
61858	94
61859	0
61860	2
61861	0
61862	36
61863	36
61864	0
61865	0
61866	240
61867	0
61868	1
61869	0
61870	30
61871	50
61872	0
61873	10
61874	1
61875	1
61876	2
61877	0
61878	65
61879	20
61880	48
61881	108
61882	12
61883	52
61884	30
61885	0
61886	125
61887	16
61888	0
61889	55
61890	2
61891	0
61892	4
61893	35
61894	2
61895	0
61896	6
61897	0
61898	0
61899	4
61900	40
61901	98
61902	10
61903	1
61904	1
61905	0
61906	0
61907	0
61908	0
61909	0
61910	0
61911	1
61912	4
61913	0
61914	6
61915	0
61916	0
61917	0
61918	64
61919	90
61920	0
61921	4
61922	63
61923	0
61924	16
61925	16
61926	0
61927	0
61928	61
61929	0
61930	7
61931	0
61932	0
61933	0
61934	10
61935	0
61936	4
61937	4
61938	3
61939	50
61940	0
61941	1
61942	20
61943	0
61944	1
61945	10
61946	0
61947	0
61948	48
61949	0
61950	5
61951	4
61952	116
61953	13
61954	130
61955	46
61956	90
61957	4
61958	18
61959	10
61960	35
61961	35
61962	52
61963	1
61964	20
61965	0
61966	0
61967	0
61968	55
61969	1
61970	1
61971	20
61972	10
61973	1
61974	21
61975	1
61976	29
61977	0
61978	10
61979	29
61980	0
61981	0
61982	0
61983	4
61984	30
61985	39
61986	10
61987	0
61988	0
61989	0
61990	16
61991	26
61992	0
61993	1
61994	2
61995	0
61996	0
61997	1
61998	0
61999	30
62000	16
62001	1
62002	2
62003	0
62004	0
62005	7
62006	0
62007	0
62008	86
62009	0
62010	10
62011	4
62012	0
62013	0
62014	0
62015	4
62016	0
62017	0
62018	0
62019	20
62020	0
62021	0
62022	30
62023	0
62024	30
62025	0
62026	0
62027	0
62028	125
62029	18
62030	51
62031	4
62032	0
62033	29
62034	41
62035	0
62036	1
62037	4
62038	0
62039	0
62040	0
62041	10
62042	1
62043	0
62044	75
62045	119
62046	0
62047	0
62048	2
62049	0
62050	1
62051	1
62052	0
62053	0
62054	30
62055	0
62056	1
62057	123
62058	40
62059	7
62060	1
62061	0
62062	0
62063	0
62064	6
62065	79
62066	4
62067	30
62068	37
62069	0
62070	0
62071	35
62072	10
62073	10
62074	0
62075	81
62076	20
62077	10
62078	0
62079	1
62080	41
62081	4
62082	0
62083	0
62084	102
62085	38
62086	0
62087	0
62088	0
62089	10
62090	4
62091	166
62092	64
62093	185
62094	233
62095	9
62096	0
62097	2
62098	17
62099	17
62100	2
62101	6
62102	8
62103	0
62104	0
62105	51
62106	1
62107	0
62108	4
62109	131
62110	0
62111	4
62112	20
62113	1
62114	0
62115	16
62116	0
62117	0
62118	0
62119	0
62120	16
62121	0
62122	17
62123	301
62124	0
62125	0
62126	4
62127	0
62128	0
62129	0
62130	0
62131	0
62132	34
62133	3
62134	0
62135	6
62136	6
62137	6
62138	7
62139	0
62140	35
62141	40
62142	24
62143	62
62144	0
62145	4
62146	0
62147	0
62148	16
62149	106
62150	82
62151	27
62152	0
62153	20
62154	40
62155	292
62156	0
62157	141
62158	4
62159	4
62160	4
62161	0
62162	0
62163	0
62164	0
62165	4
62166	0
62167	1
62168	0
62169	0
62170	0
62171	1
62172	108
62173	10
62174	12
62175	30
62176	138
62177	10
62178	0
62179	1
62180	110
62181	10
62182	0
62183	0
62184	89
62185	0
62186	0
62187	20
62188	0
62189	0
62190	0
62191	10
62192	30
62193	0
62194	8
62195	20
62196	0
62197	1
62198	10
62199	0
62200	0
62201	7
62202	10
62203	0
62204	124
62205	0
62206	18
62207	0
62208	0
62209	5
62210	0
62211	0
62212	0
62213	115
62214	112
62215	135
62216	133
62217	128
62218	147
62219	4
62220	48
62221	14
62222	0
62223	0
62224	27
62225	0
62226	13
62227	43
62228	7
62229	30
62230	0
62231	0
62232	6
62233	1
62234	16
62235	4
62236	1
62237	20
62238	31
62239	0
62240	0
62241	7
62242	1
62243	0
62244	0
62245	1
62246	0
62247	0
62248	0
62249	20
62250	10
62251	99
62252	7
62253	4
62254	0
62255	0
62256	2
62257	7
62258	43
62259	0
