18366	192
18367	0
18368	0
18369	30
18370	25
18371	0
18372	0
18373	0
18374	0
18375	0
18376	0
18377	0
18378	1
18379	0
18380	0
18381	0
18382	2
18383	15
18384	0
18385	0
18386	21
18387	51
18388	0
18389	7
18390	33
18391	10
18392	0
18393	0
18394	0
18395	216
18396	0
18397	0
18398	0
18399	0
18400	0
18401	0
18402	4
18403	12
18404	1
18405	0
18406	0
18407	0
18408	0
18409	140
18410	1
18411	2
18412	0
18413	1
18414	0
18415	20
18416	0
18417	2
18418	108
18419	0
18420	3
18421	0
18422	0
18423	0
18424	0
18425	151
18426	3
18427	0
18428	0
18429	0
18430	0
18431	0
18432	0
18433	0
18434	0
18435	10
18436	0
18437	0
18438	10
18439	0
18440	0
18441	10
18442	1
18443	9
18444	0
18445	0
18446	0
18447	6
18448	29
18449	4
18450	0
18451	0
18452	0
18453	4
18454	1
18455	0
18456	0
18457	0
18458	0
18459	0
18460	0
18461	1
18462	0
18463	0
18464	0
18465	2
18466	0
18467	0
18468	0
18469	0
18470	0
18471	0
18472	0
18473	201
18474	208
18475	0
18476	0
18477	0
18478	0
18479	0
18480	1
18481	4
18482	0
18483	86
18484	53
18485	0
18486	0
18487	2
18488	0
18489	20
18490	0
18491	0
18492	0
18493	0
18494	79
18495	2
18496	10
18497	68
18498	0
18499	0
18500	1
18501	0
18502	0
18503	0
18504	0
18505	0
18506	22
18507	0
18508	0
18509	0
18510	20
18511	10
18512	4
18513	0
18514	5
18515	0
18516	0
18517	294
18518	229
18519	0
18520	0
18521	0
18522	1
18523	2
18524	1
18525	0
18526	0
18527	0
18528	10
18529	33
18530	0
18531	10
18532	0
18533	70
18534	0
18535	7
18536	7
18537	0
18538	36
18539	16
18540	3
18541	4
18542	1
18543	0
18544	2
18545	10
18546	10
18547	0
18548	35
18549	0
18550	7
18551	0
18552	0
18553	0
18554	0
18555	0
18556	30
18557	0
18558	20
18559	0
18560	1
18561	0
18562	1
18563	29
18564	4
18565	2
18566	1
18567	0
18568	4
18569	149
18570	0
18571	0
18572	0
18573	0
18574	0
18575	0
18576	0
18577	0
18578	33
18579	0
18580	0
18581	20
18582	4
18583	0
18584	0
18585	16
18586	28
18587	89
18588	0
18589	20
18590	43
18591	0
18592	0
18593	0
18594	0
18595	0
18596	0
18597	0
18598	0
18599	3
18600	0
18601	1
18602	62
18603	0
18604	7
18605	0
18606	0
18607	7
18608	0
18609	16
18610	232
18611	132
18612	0
18613	33
18614	56
18615	0
18616	0
18617	0
18618	7
18619	4
18620	3
18621	0
18622	1
18623	0
18624	0
18625	0
18626	35
18627	0
18628	18
18629	0
18630	1
18631	0
18632	1
18633	0
18634	0
18635	78
18636	0
18637	2
18638	3
18639	10
18640	0
18641	0
18642	35
18643	50
18644	0
18645	0
18646	1
18647	4
18648	0
18649	52
18650	22
18651	14
18652	0
18653	35
18654	20
18655	0
18656	0
18657	0
18658	125
18659	77
18660	4
18661	0
18662	0
18663	10
18664	229
18665	0
18666	0
18667	0
18668	10
18669	0
18670	4
18671	10
18672	0
18673	25
18674	252
18675	0
18676	127
18677	0
18678	4
18679	4
18680	30
18681	133
18682	130
18683	0
18684	0
18685	0
18686	0
18687	0
18688	0
18689	0
18690	0
18691	53
18692	0
18693	4
18694	20
18695	0
18696	1
18697	10
18698	1
18699	0
18700	0
18701	12
18702	10
18703	0
18704	0
18705	24
18706	104
18707	96
18708	0
18709	121
18710	207
18711	0
18712	63
18713	16
18714	0
18715	0
18716	11
18717	14
18718	0
18719	4
18720	176
18721	159
18722	0
18723	10
18724	0
18725	0
18726	0
18727	0
18728	0
18729	43
18730	175
18731	0
18732	0
18733	0
18734	2
18735	1
18736	0
18737	0
18738	0
18739	0
18740	3
18741	0
18742	0
18743	0
18744	247
18745	0
18746	0
18747	0
18748	0
18749	0
18750	0
18751	4
18752	1
18753	4
18754	111
18755	123
18756	0
18757	0
18758	0
18759	1
18760	25
18761	0
18762	0
18763	0
18764	1
18765	0
18766	0
18767	90
18768	68
18769	0
18770	0
18771	0
18772	0
18773	10
18774	52
18775	2
18776	16
18777	0
18778	26
18779	0
18780	0
18781	0
18782	0
18783	0
18784	48
18785	0
18786	0
18787	0
18788	0
18789	0
18790	0
18791	0
18792	0
18793	0
18794	0
18795	0
18796	0
18797	0
18798	0
18799	167
18800	2
18801	20
18802	0
18803	50
18804	0
18805	0
18806	1
18807	24
18808	119
18809	178
18810	50
18811	0
18812	0
18813	1
18814	0
18815	4
18816	0
18817	0
18818	29
18819	4
18820	112
18821	0
18822	16
18823	24
18824	0
18825	0
18826	0
18827	0
18828	0
18829	0
18830	0
18831	71
18832	20
18833	0
18834	1
18835	0
18836	0
18837	0
18838	0
18839	0
18840	0
18841	1
18842	5
18843	0
18844	0
18845	0
18846	10
18847	0
18848	0
18849	0
18850	16
18851	0
18852	131
18853	126
18854	153
18855	1
18856	0
18857	2
18858	188
18859	250
18860	30
18861	0
18862	0
18863	0
18864	1
18865	4
18866	0
18867	11
18868	10
18869	0
18870	0
18871	0
18872	4
18873	1
18874	0
18875	3
18876	0
18877	0
18878	30
18879	0
18880	7
18881	0
18882	20
18883	0
18884	0
18885	0
18886	1
18887	1
18888	12
18889	0
18890	0
18891	0
18892	1
18893	26
18894	0
18895	119
18896	1
18897	3
18898	4
18899	0
18900	82
18901	35
18902	0
18903	0
18904	1
18905	20
18906	1
18907	0
18908	0
18909	0
18910	33
18911	0
18912	0
18913	7
18914	50
18915	22
18916	0
18917	28
18918	0
18919	20
18920	179
18921	10
18922	0
18923	0
18924	10
18925	10
18926	1
18927	0
18928	0
18929	296
18930	163
18931	202
18932	0
18933	70
18934	0
18935	15
18936	0
18937	15
18938	0
18939	0
18940	0
18941	0
18942	70
18943	0
18944	0
18945	67
18946	20
18947	30
18948	0
18949	4
18950	0
18951	16
18952	18
18953	0
18954	7
18955	5
18956	35
18957	0
18958	0
18959	1
18960	0
18961	0
18962	0
18963	7
18964	0
18965	0
18966	0
18967	0
18968	4
18969	10
18970	0
18971	0
18972	0
18973	0
18974	0
18975	0
18976	0
18977	0
18978	50
18979	1
18980	0
18981	10
18982	0
18983	0
18984	74
18985	1
18986	21
18987	4
18988	0
18989	0
18990	0
18991	0
18992	0
18993	0
18994	0
18995	0
18996	110
18997	0
18998	2
18999	0
19000	0
19001	66
19002	18
19003	1
19004	10
19005	128
19006	0
19007	0
19008	9
19009	6
19010	4
19011	0
19012	1
19013	0
19014	10
19015	20
19016	10
19017	5
19018	0
19019	0
19020	4
19021	1
19022	0
19023	0
19024	0
19025	0
19026	0
19027	1
19028	12
19029	0
19030	0
19031	0
19032	86
19033	1
19034	1
19035	0
19036	4
19037	10
19038	0
19039	0
19040	0
19041	62
19042	7
19043	0
19044	7
19045	4
19046	7
19047	0
19048	0
19049	36
19050	1
19051	11
19052	46
19053	29
19054	21
19055	29
19056	0
19057	4
19058	211
19059	0
19060	0
19061	0
19062	0
19063	174
19064	1
19065	0
19066	0
19067	0
19068	0
19069	69
19070	2
19071	0
19072	7
19073	4
19074	10
19075	0
19076	15
19077	18
19078	0
19079	0
19080	1
19081	0
19082	3
19083	0
19084	0
19085	0
19086	0
19087	35
19088	0
19089	3
19090	20
19091	0
19092	0
19093	8
19094	0
19095	30
19096	1
19097	0
19098	0
19099	0
19100	104
19101	1
19102	1
19103	0
19104	0
19105	0
19106	20
19107	0
19108	10
19109	0
19110	30
19111	1
19112	1
19113	0
19114	0
19115	0
19116	0
19117	1
19118	14
19119	0
19120	4
19121	0
19122	0
19123	0
19124	22
19125	59
19126	185
19127	156
19128	126
19129	4
19130	0
19131	4
19132	4
19133	26
19134	0
19135	0
19136	46
19137	7
19138	0
19139	18
19140	10
19141	0
19142	0
19143	1
19144	0
19145	0
19146	10
19147	20
19148	0
19149	0
19150	37
19151	16
19152	61
19153	0
19154	0
19155	0
19156	0
19157	0
19158	0
19159	131
19160	4
19161	4
19162	0
19163	0
19164	0
19165	0
19166	0
19167	64
19168	10
19169	0
19170	132
19171	0
19172	0
19173	0
19174	0
19175	22
19176	0
19177	0
19178	2
19179	0
19180	0
19181	0
19182	0
19183	0
19184	0
19185	0
19186	0
19187	144
19188	26
19189	0
19190	0
19191	0
19192	0
19193	31
19194	0
19195	1
19196	0
19197	0
19198	0
19199	71
19200	0
19201	0
19202	0
19203	23
19204	0
19205	3
19206	0
19207	2
19208	58
19209	2
19210	0
19211	0
19212	1
19213	0
19214	0
19215	0
19216	40
19217	0
19218	42
19219	0
19220	20
19221	4
19222	0
19223	2
19224	0
19225	0
19226	0
19227	0
19228	0
19229	0
19230	0
19231	0
19232	0
19233	0
19234	12
19235	0
19236	1
19237	1
19238	0
19239	0
19240	1
19241	0
19242	0
19243	0
19244	10
19245	4
19246	0
19247	0
19248	38
19249	83
19250	40
19251	0
19252	0
19253	0
19254	0
19255	10
19256	0
19257	0
19258	0
19259	0
19260	0
19261	0
19262	0
19263	202
19264	0
19265	0
19266	0
19267	0
19268	2
19269	168
19270	149
19271	0
19272	10
19273	0
19274	0
19275	0
19276	0
19277	0
19278	0
19279	0
19280	0
19281	0
19282	0
19283	10
19284	9
19285	19
19286	1
19287	0
19288	0
19289	0
19290	24
19291	0
19292	27
19293	0
19294	0
19295	0
19296	0
19297	0
19298	0
19299	80
19300	7
19301	0
19302	0
19303	0
19304	46
19305	40
19306	0
19307	0
19308	0
19309	0
19310	2
19311	0
19312	0
19313	0
19314	0
19315	0
19316	0
19317	0
19318	0
19319	50
19320	1
19321	0
19322	0
19323	6
19324	0
19325	0
19326	0
19327	10
19328	0
19329	2
19330	0
19331	0
19332	0
19333	1
19334	0
19335	2
19336	10
19337	0
19338	67
19339	132
19340	0
19341	0
19342	0
19343	0
19344	0
19345	0
19346	4
19347	0
19348	23
19349	0
19350	0
19351	0
19352	179
19353	207
19354	12
19355	83
19356	16
19357	86
19358	6
19359	46
19360	0
19361	10
19362	0
19363	10
19364	0
19365	0
19366	16
19367	4
19368	0
19369	0
19370	6
19371	11
19372	1
19373	0
19374	0
19375	0
19376	89
19377	0
19378	0
19379	274
19380	149
19381	116
19382	0
19383	0
19384	0
19385	0
19386	0
19387	1
19388	10
19389	0
19390	0
19391	354
19392	0
19393	0
19394	0
19395	0
19396	0
19397	0
19398	25
19399	0
19400	0
19401	0
19402	35
19403	179
19404	10
19405	0
19406	0
19407	1
19408	2
19409	0
19410	0
19411	1
19412	0
19413	26
19414	0
19415	0
19416	117
19417	5
19418	0
19419	1
19420	0
19421	0
19422	100
19423	0
19424	51
19425	0
19426	0
19427	20
19428	10
19429	1
19430	0
19431	0
19432	20
19433	108
19434	139
19435	0
19436	7
19437	43
19438	7
19439	0
19440	0
19441	24
19442	10
19443	1
19444	0
19445	0
19446	4
19447	0
19448	0
19449	52
19450	0
19451	0
19452	0
19453	4
19454	53
19455	0
19456	4
19457	1
19458	178
19459	67
19460	178
19461	0
19462	0
19463	46
19464	0
19465	0
19466	0
19467	0
19468	0
19469	10
19470	0
19471	0
19472	0
19473	22
19474	0
19475	30
19476	0
19477	0
19478	0
19479	0
19480	40
19481	26
19482	1
19483	43
19484	23
19485	0
19486	27
19487	4
19488	178
19489	0
19490	63
19491	1
19492	31
19493	0
19494	0
19495	0
19496	0
19497	0
19498	0
19499	1
19500	0
19501	1
19502	1
19503	4
19504	10
19505	0
19506	58
19507	19
19508	7
19509	0
19510	0
19511	1
19512	0
19513	0
19514	0
19515	10
19516	0
19517	0
19518	0
19519	0
19520	1
19521	20
19522	10
19523	50
19524	88
19525	0
19526	2
19527	1
19528	0
19529	75
19530	81
19531	0
19532	0
19533	51
19534	0
19535	0
19536	0
19537	0
19538	0
19539	1
19540	0
19541	0
19542	180
19543	77
19544	0
19545	20
19546	145
19547	164
19548	94
19549	117
19550	0
19551	213
19552	4
19553	68
19554	0
19555	0
19556	0
19557	0
19558	0
19559	4
19560	1
19561	0
19562	0
19563	19
19564	0
19565	0
19566	20
19567	2
19568	0
19569	0
19570	0
19571	33
19572	0
19573	0
19574	0
19575	0
19576	0
19577	4
19578	0
19579	16
19580	0
19581	0
19582	0
19583	0
19584	1
19585	0
19586	6
19587	7
19588	0
19589	0
19590	69
19591	0
19592	0
19593	0
19594	1
19595	0
19596	0
19597	10
19598	0
19599	0
19600	0
19601	10
19602	158
19603	0
19604	1
19605	0
19606	16
19607	1
19608	0
19609	262
19610	0
19611	0
19612	0
19613	0
19614	0
19615	0
19616	2
19617	0
19618	4
19619	0
19620	91
19621	0
19622	0
19623	0
19624	0
19625	0
19626	0
19627	1
19628	0
19629	10
19630	0
19631	40
19632	0
19633	0
19634	0
19635	0
19636	0
19637	0
19638	10
19639	318
19640	187
19641	0
19642	0
19643	0
19644	340
19645	0
19646	12
19647	6
19648	16
19649	10
19650	28
19651	32
19652	0
19653	0
19654	10
19655	16
19656	0
19657	0
19658	0
19659	150
19660	32
19661	0
19662	0
19663	13
19664	1
19665	0
19666	4
19667	66
19668	4
19669	13
19670	97
19671	0
19672	30
19673	0
19674	141
19675	172
19676	30
19677	30
19678	0
19679	0
19680	4
19681	0
19682	0
19683	1
19684	0
19685	0
19686	0
19687	0
19688	0
19689	0
19690	1
19691	0
19692	0
19693	30
19694	0
19695	0
19696	0
19697	0
19698	33
19699	27
19700	43
19701	10
19702	0
19703	0
19704	0
19705	0
19706	0
19707	0
19708	10
19709	0
19710	50
19711	10
19712	0
19713	0
19714	0
19715	0
19716	0
19717	0
19718	1
19719	0
19720	0
19721	0
19722	0
19723	10
19724	6
19725	4
19726	20
19727	0
19728	17
19729	0
19730	0
19731	0
19732	0
19733	4
19734	0
19735	0
19736	0
19737	0
19738	69
19739	0
19740	0
19741	0
19742	0
19743	7
19744	0
19745	0
19746	0
19747	1
19748	87
19749	4
19750	12
19751	0
19752	0
19753	4
19754	32
19755	0
19756	1
19757	0
19758	0
19759	0
19760	20
19761	1
19762	10
19763	35
19764	101
19765	167
19766	1
19767	11
19768	2
19769	0
19770	11
19771	0
19772	0
19773	0
19774	189
19775	66
19776	0
19777	16
19778	7
19779	0
19780	0
19781	120
19782	0
19783	10
19784	10
19785	0
19786	0
19787	0
19788	0
19789	0
19790	0
19791	4
19792	0
19793	0
19794	18
19795	5
19796	0
19797	1
19798	0
19799	0
19800	7
19801	0
19802	92
19803	4
19804	0
19805	0
19806	0
19807	0
19808	27
19809	4
19810	22
19811	1
19812	20
19813	20
19814	0
19815	36
19816	0
19817	0
19818	6
19819	0
19820	0
19821	0
19822	0
19823	0
19824	0
19825	0
19826	0
19827	0
19828	0
19829	0
19830	0
19831	0
19832	17
19833	0
19834	0
19835	0
19836	0
19837	0
19838	124
19839	0
19840	0
19841	0
19842	0
19843	0
19844	0
19845	0
