64456	50
64457	204
64458	50
64459	0
64460	0
64461	20
64462	0
64463	0
64464	0
64465	14
64466	10
64467	87
64468	20
64469	6
64470	0
64471	178
64472	1
64473	0
64474	0
64475	0
64476	32
64477	1
64478	23
64479	10
64480	67
64481	104
64482	0
64483	0
64484	0
64485	0
64486	1
64487	37
64488	1
64489	1
64490	0
64491	0
64492	4
64493	1
64494	286
64495	206
64496	0
64497	0
64498	10
64499	4
64500	30
64501	20
64502	65
64503	0
64504	35
64505	0
64506	0
64507	0
64508	0
64509	4
64510	1
64511	0
64512	0
64513	50
64514	2
64515	4
64516	38
64517	23
64518	0
64519	0
64520	0
64521	0
64522	2
64523	7
64524	0
64525	5
64526	0
64527	155
64528	0
64529	0
64530	0
64531	0
64532	0
64533	0
64534	0
64535	0
64536	0
64537	95
64538	1
64539	0
64540	0
64541	91
64542	8
64543	0
64544	1
64545	0
64546	0
64547	0
64548	0
64549	0
64550	70
64551	29
64552	4
64553	4
64554	0
64555	1
64556	74
64557	82
64558	0
64559	0
64560	0
64561	0
64562	1
64563	4
64564	1
64565	218
64566	0
64567	51
64568	0
64569	7
64570	0
64571	0
64572	13
64573	0
64574	20
64575	0
64576	119
64577	68
64578	0
64579	35
64580	1
64581	0
64582	0
64583	35
64584	13
64585	0
64586	0
64587	7
64588	0
64589	0
64590	0
64591	0
64592	4
64593	0
64594	0
64595	200
64596	0
64597	0
64598	0
64599	0
64600	245
64601	50
64602	0
64603	120
64604	110
64605	0
64606	4
64607	0
64608	30
64609	10
64610	0
64611	4
64612	13
64613	29
64614	4
64615	7
64616	103
64617	20
64618	0
64619	0
64620	0
64621	231
64622	258
64623	0
64624	1
64625	0
64626	201
64627	22
64628	0
64629	20
64630	39
64631	61
64632	0
64633	0
64634	1
64635	42
64636	113
64637	10
64638	0
64639	33
64640	25
64641	2
64642	123
64643	0
64644	3
64645	1
64646	0
64647	36
64648	4
64649	4
64650	4
64651	0
64652	0
64653	0
64654	0
64655	0
64656	0
64657	108
64658	0
64659	0
64660	2
64661	0
64662	0
64663	0
64664	0
64665	39
64666	0
64667	0
64668	0
64669	0
64670	0
64671	0
64672	31
64673	3
64674	0
64675	0
64676	0
64677	1
64678	0
64679	7
64680	2
64681	11
64682	63
64683	0
64684	0
64685	1
64686	0
64687	0
64688	5
64689	50
64690	37
64691	122
64692	0
64693	0
64694	10
64695	4
64696	1
64697	1
64698	0
64699	20
64700	0
64701	1
64702	0
64703	1
64704	0
64705	0
64706	1
64707	1
64708	0
64709	121
64710	0
64711	11
64712	11
64713	5
64714	1
64715	12
64716	0
64717	46
64718	145
64719	12
64720	4
64721	0
64722	85
64723	50
64724	0
64725	4
64726	0
64727	13
64728	4
64729	4
64730	38
64731	19
64732	63
64733	69
64734	0
64735	0
64736	1
64737	43
64738	56
64739	1
64740	22
64741	6
64742	0
64743	0
64744	127
64745	0
64746	1
64747	0
64748	0
64749	8
64750	0
64751	0
64752	127
64753	0
64754	1
64755	0
64756	0
64757	0
64758	0
64759	0
64760	10
64761	0
64762	3
64763	34
64764	0
64765	0
64766	156
64767	279
64768	32
64769	0
64770	59
64771	33
64772	0
64773	0
64774	15
64775	0
64776	0
64777	6
64778	14
64779	110
64780	174
64781	171
64782	111
64783	0
64784	3
64785	28
64786	0
64787	21
64788	66
64789	77
64790	1
64791	28
64792	0
64793	21
64794	20
64795	2
64796	0
64797	1
64798	1
64799	0
64800	26
64801	0
64802	0
64803	22
64804	155
64805	163
64806	0
64807	4
64808	49
64809	0
64810	0
64811	0
64812	1
64813	10
64814	0
64815	0
64816	0
64817	28
64818	0
64819	0
64820	105
64821	0
64822	0
64823	0
64824	0
64825	64
64826	167
64827	5
64828	0
64829	0
64830	0
64831	0
64832	5
64833	236
64834	149
64835	178
64836	110
64837	10
64838	0
64839	0
64840	0
64841	0
64842	0
64843	367
64844	16
64845	19
64846	17
64847	27
64848	2
64849	0
64850	37
64851	0
64852	0
64853	209
64854	22
64855	20
64856	0
64857	4
64858	0
64859	0
64860	1
64861	0
64862	159
64863	155
64864	0
64865	0
64866	99
64867	0
64868	2
64869	103
64870	1
64871	0
64872	0
64873	0
64874	0
64875	182
64876	1
64877	174
64878	2
64879	0
64880	0
64881	0
64882	1
64883	0
64884	13
64885	0
64886	1
64887	20
64888	0
64889	0
64890	0
64891	0
64892	26
64893	0
64894	24
64895	7
64896	1
64897	11
64898	50
64899	0
64900	2
64901	0
64902	0
64903	0
64904	1
64905	16
64906	0
64907	0
64908	78
64909	133
64910	0
64911	112
64912	197
64913	74
64914	16
64915	0
64916	1
64917	10
64918	12
64919	4
64920	100
64921	0
64922	20
64923	93
64924	10
64925	0
64926	0
64927	0
64928	16
64929	5
64930	0
64931	0
64932	0
64933	0
64934	0
64935	6
64936	0
64937	0
64938	7
64939	0
64940	22
64941	0
64942	7
64943	0
64944	0
64945	2
64946	0
64947	3
64948	3
64949	0
64950	0
64951	0
64952	0
64953	1
64954	83
64955	1
64956	0
64957	2
64958	0
64959	0
64960	0
64961	50
64962	20
64963	294
64964	0
64965	0
64966	6
64967	4
64968	166
64969	10
64970	0
64971	34
64972	1
64973	0
64974	46
64975	29
64976	0
64977	29
64978	14
64979	47
64980	2
64981	4
64982	47
64983	36
64984	5
64985	118
64986	114
64987	0
64988	0
64989	0
64990	0
64991	0
64992	4
64993	105
64994	0
64995	0
64996	93
64997	153
64998	0
64999	0
65000	0
65001	133
65002	1
65003	1
65004	13
65005	0
65006	0
65007	2
65008	6
65009	4
65010	0
65011	0
65012	0
65013	0
65014	0
65015	0
65016	0
65017	0
65018	0
65019	0
65020	0
65021	0
65022	0
65023	0
65024	0
65025	112
65026	169
65027	83
65028	0
65029	0
65030	0
65031	78
65032	1
65033	0
65034	16
65035	0
65036	0
65037	7
65038	1
65039	1
65040	0
65041	18
65042	20
65043	0
65044	0
65045	62
65046	82
65047	1
65048	0
65049	0
65050	0
65051	0
65052	1
65053	0
65054	4
65055	72
65056	0
65057	0
65058	0
65059	0
65060	0
65061	0
65062	0
65063	0
65064	0
65065	4
65066	30
65067	108
65068	4
65069	246
65070	37
65071	0
65072	2
65073	78
65074	0
65075	36
65076	11
65077	0
65078	196
65079	232
65080	0
65081	2
65082	0
65083	0
65084	26
65085	0
65086	0
65087	0
65088	38
65089	11
65090	0
65091	2
65092	1
65093	0
65094	0
65095	0
65096	0
65097	0
65098	0
65099	34
65100	0
65101	0
65102	10
65103	10
65104	24
65105	4
65106	124
65107	4
65108	21
65109	2
65110	0
65111	14
65112	0
65113	0
65114	87
65115	69
65116	0
65117	0
65118	0
65119	4
65120	8
65121	6
65122	27
65123	0
65124	0
65125	18
65126	25
65127	1
65128	0
65129	1
65130	66
65131	0
65132	0
65133	23
65134	0
65135	0
65136	0
65137	24
65138	0
65139	231
65140	0
65141	0
65142	0
65143	0
65144	1
65145	0
65146	30
65147	6
65148	0
65149	0
65150	24
65151	20
65152	0
65153	1
65154	4
65155	50
65156	22
65157	10
65158	0
65159	98
65160	82
65161	0
65162	20
65163	0
65164	196
65165	112
65166	184
65167	0
65168	20
65169	0
65170	10
65171	143
65172	10
65173	2
65174	1
65175	4
65176	1
65177	2
65178	0
65179	0
65180	0
65181	0
65182	1
65183	0
65184	0
65185	0
65186	23
65187	54
65188	20
65189	16
65190	26
65191	104
65192	0
65193	1
65194	8
65195	45
65196	4
65197	59
65198	51
65199	156
65200	93
65201	0
65202	0
65203	0
65204	0
65205	26
65206	109
65207	193
65208	0
65209	0
65210	6
65211	0
65212	0
65213	0
65214	0
65215	10
65216	0
65217	11
65218	0
65219	1
65220	0
65221	83
65222	53
65223	74
65224	10
65225	0
65226	0
65227	34
65228	0
65229	4
65230	1
65231	2
65232	0
65233	7
65234	3
65235	1
65236	7
65237	4
65238	0
65239	1
65240	120
65241	0
65242	0
65243	0
65244	191
65245	333
65246	99
65247	35
65248	0
65249	0
65250	10
65251	0
65252	0
65253	7
65254	1
65255	30
65256	3
65257	12
65258	4
65259	0
65260	10
65261	0
65262	27
65263	24
65264	23
65265	10
65266	0
65267	0
65268	38
65269	4
65270	18
65271	0
65272	0
65273	4
65274	0
65275	0
65276	0
65277	40
65278	41
65279	0
65280	0
65281	71
65282	131
65283	52
65284	0
65285	0
65286	10
65287	37
65288	0
65289	8
65290	0
65291	6
65292	4
65293	35
65294	0
65295	0
65296	0
65297	0
65298	4
65299	0
65300	0
65301	1
65302	5
65303	0
65304	20
65305	0
65306	0
65307	150
65308	146
65309	1
65310	0
65311	0
65312	0
65313	21
65314	94
65315	38
65316	4
65317	4
65318	35
65319	3
65320	0
65321	16
65322	0
65323	0
65324	0
65325	0
65326	123
65327	0
65328	0
65329	0
65330	7
65331	0
65332	100
65333	257
65334	4
65335	2
65336	0
65337	0
65338	4
65339	197
65340	281
65341	99
65342	0
65343	148
65344	35
65345	35
65346	191
65347	0
65348	0
65349	0
65350	1
65351	0
65352	1
65353	41
65354	1
65355	10
65356	269
65357	4
65358	2
65359	0
65360	2
65361	11
65362	48
65363	40
65364	2
65365	0
65366	51
65367	26
65368	19
65369	0
65370	0
65371	10
65372	0
65373	158
65374	0
65375	0
65376	4
65377	0
65378	0
65379	0
65380	4
65381	0
65382	10
65383	0
65384	0
65385	0
65386	118
65387	240
65388	225
65389	0
65390	10
65391	4
65392	1
65393	0
65394	0
65395	1
65396	95
65397	3
65398	0
65399	32
65400	0
65401	88
65402	4
65403	98
65404	4
65405	10
65406	0
65407	0
65408	247
65409	219
65410	38
65411	1
65412	0
65413	74
65414	22
65415	56
65416	16
65417	4
65418	0
65419	152
65420	26
65421	199
65422	208
65423	0
65424	4
65425	91
65426	68
65427	15
65428	0
65429	0
65430	19
65431	4
65432	0
65433	0
65434	7
65435	0
65436	1
65437	7
65438	0
65439	20
65440	0
65441	62
65442	0
65443	0
65444	0
65445	75
65446	0
65447	0
65448	0
65449	25
65450	121
65451	120
65452	58
65453	74
65454	35
65455	0
65456	59
65457	333
65458	44
65459	16
65460	167
65461	174
65462	145
65463	0
65464	4
65465	0
65466	32
65467	29
65468	0
65469	0
65470	20
65471	0
65472	4
65473	0
65474	0
65475	1
65476	0
65477	0
65478	0
65479	10
65480	0
65481	0
65482	0
65483	0
65484	1
65485	10
65486	1
65487	4
65488	50
65489	0
65490	0
65491	0
65492	1
65493	27
65494	147
65495	81
65496	183
65497	143
65498	51
65499	0
65500	1
65501	6
65502	0
65503	0
65504	0
65505	112
65506	4
65507	1
65508	26
65509	54
65510	81
65511	0
65512	1
65513	0
65514	1
65515	0
65516	0
65517	1
65518	0
65519	0
65520	0
65521	2
65522	204
65523	144
65524	0
65525	0
65526	0
65527	10
65528	5
65529	0
65530	0
65531	0
65532	30
65533	1
65534	0
65535	1
65536	0
65537	95
65538	0
65539	0
65540	16
65541	35
65542	20
65543	0
65544	25
65545	0
65546	0
65547	5
65548	4
65549	10
65550	22
65551	0
65552	0
65553	0
65554	204
65555	7
65556	0
65557	0
65558	1
65559	72
65560	0
65561	0
65562	0
65563	0
65564	0
65565	5
65566	73
65567	1
65568	35
65569	4
65570	0
65571	10
65572	10
65573	10
65574	0
65575	0
65576	10
65577	0
65578	0
65579	8
65580	0
65581	0
65582	4
65583	1
65584	0
65585	0
65586	0
65587	12
65588	43
65589	0
65590	16
65591	0
65592	0
65593	1
65594	0
65595	0
65596	16
65597	0
65598	10
65599	0
65600	0
65601	0
65602	134
65603	0
65604	1
65605	0
65606	144
65607	165
65608	105
65609	10
65610	0
65611	1
65612	0
65613	152
65614	10
65615	0
65616	224
65617	59
65618	51
65619	68
65620	0
65621	279
65622	109
65623	0
65624	20
65625	0
65626	0
65627	15
65628	35
65629	0
65630	1
65631	12
65632	4
65633	0
65634	0
65635	0
65636	50
65637	0
65638	121
65639	33
65640	0
65641	4
65642	95
65643	165
65644	1
65645	0
65646	0
65647	0
65648	18
65649	40
65650	0
65651	10
65652	1
65653	0
65654	203
65655	4
65656	0
65657	47
65658	30
65659	0
65660	0
65661	0
65662	0
65663	0
65664	10
65665	10
65666	4
65667	1
65668	1
65669	7
65670	0
65671	0
65672	0
65673	0
65674	10
65675	0
65676	0
65677	0
65678	0
65679	0
65680	216
65681	0
65682	20
65683	50
65684	50
65685	120
65686	0
65687	20
65688	0
65689	0
65690	0
65691	10
65692	1
65693	1
65694	0
65695	35
65696	151
65697	10
65698	0
65699	0
65700	0
65701	0
65702	35
65703	0
65704	0
65705	6
65706	0
65707	0
65708	10
65709	0
65710	31
65711	0
65712	0
65713	0
65714	0
65715	0
65716	0
65717	51
65718	5
