16509	0
16510	10
16511	0
16512	0
16513	0
16514	2
16515	2
16516	0
16517	1
16518	4
16519	50
16520	0
16521	0
16522	0
16523	0
16524	52
16525	0
16526	0
16527	0
16528	10
16529	1
16530	6
16531	2
16532	4
16533	4
16534	89
16535	26
16536	0
16537	0
16538	0
16539	42
16540	1
16541	76
16542	0
16543	0
16544	16
16545	1
16546	10
16547	29
16548	78
16549	7
16550	44
16551	0
16552	57
16553	6
16554	56
16555	0
16556	10
16557	206
16558	52
16559	2
16560	0
16561	0
16562	1
16563	6
16564	93
16565	0
16566	0
16567	1
16568	0
16569	92
16570	56
16571	16
16572	0
16573	0
16574	15
16575	35
16576	0
16577	0
16578	10
16579	1
16580	20
16581	0
16582	7
16583	25
16584	50
16585	0
16586	118
16587	4
16588	0
16589	0
16590	0
16591	1
16592	0
16593	20
16594	56
16595	0
16596	12
16597	0
16598	2
16599	24
16600	0
16601	0
16602	16
16603	0
16604	0
16605	0
16606	4
16607	6
16608	0
16609	1
16610	7
16611	0
16612	0
16613	0
16614	29
16615	46
16616	37
16617	0
16618	10
16619	0
16620	0
16621	30
16622	0
16623	0
16624	0
16625	7
16626	0
16627	15
16628	5
16629	1
16630	0
16631	1
16632	4
16633	0
16634	10
16635	0
16636	0
16637	0
16638	9
16639	0
16640	0
16641	0
16642	0
16643	33
16644	35
16645	0
16646	0
16647	0
16648	80
16649	0
16650	0
16651	266
16652	0
16653	6
16654	478
16655	0
16656	0
16657	3
16658	0
16659	104
16660	0
16661	77
16662	1
16663	0
16664	0
16665	0
16666	0
16667	0
16668	2
16669	3
16670	0
16671	72
16672	103
16673	0
16674	0
16675	4
16676	0
16677	58
16678	0
16679	50
16680	119
16681	12
16682	0
16683	0
16684	0
16685	0
16686	72
16687	30
16688	0
16689	35
16690	0
16691	0
16692	0
16693	0
16694	0
16695	29
16696	30
16697	0
16698	0
16699	0
16700	0
16701	18
16702	0
16703	0
16704	11
16705	0
16706	103
16707	0
16708	50
16709	2
16710	0
16711	4
16712	1
16713	10
16714	4
16715	10
16716	0
16717	0
16718	4
16719	0
16720	102
16721	0
16722	188
16723	22
16724	77
16725	16
16726	0
16727	0
16728	0
16729	1
16730	3
16731	6
16732	0
16733	0
16734	0
16735	0
16736	0
16737	0
16738	13
16739	18
16740	0
16741	68
16742	0
16743	42
16744	51
16745	17
16746	16
16747	0
16748	34
16749	0
16750	0
16751	0
16752	0
16753	67
16754	7
16755	2
16756	14
16757	35
16758	0
16759	0
16760	0
16761	4
16762	0
16763	0
16764	12
16765	6
16766	0
16767	108
16768	0
16769	0
16770	65
16771	0
16772	0
16773	0
16774	0
16775	0
16776	0
16777	20
16778	2
16779	80
16780	0
16781	4
16782	0
16783	0
16784	0
16785	0
16786	24
16787	0
16788	20
16789	0
16790	20
16791	20
16792	0
16793	6
16794	7
16795	0
16796	1
16797	1
16798	66
16799	0
16800	13
16801	2
16802	14
16803	0
16804	235
16805	214
16806	269
16807	46
16808	55
16809	0
16810	0
16811	3
16812	1
16813	0
16814	0
16815	0
16816	0
16817	10
16818	0
16819	0
16820	0
16821	0
16822	0
16823	0
16824	0
16825	0
16826	0
16827	0
16828	1
16829	10
16830	0
16831	153
16832	40
16833	17
16834	24
16835	0
16836	0
16837	0
16838	0
16839	0
16840	0
16841	0
16842	0
16843	0
16844	0
16845	0
16846	30
16847	0
16848	0
16849	54
16850	2
16851	57
16852	0
16853	0
16854	10
16855	0
16856	0
16857	46
16858	20
16859	1
16860	46
16861	0
16862	0
16863	26
16864	130
16865	0
16866	4
16867	10
16868	38
16869	0
16870	0
16871	11
16872	0
16873	0
16874	0
16875	1
16876	208
16877	0
16878	0
16879	0
16880	13
16881	2
16882	0
16883	45
16884	75
16885	12
16886	73
16887	4
16888	1
16889	0
16890	188
16891	10
16892	0
16893	66
16894	118
16895	20
16896	0
16897	0
16898	0
16899	0
16900	0
16901	0
16902	0
16903	76
16904	10
16905	0
16906	0
16907	0
16908	65
16909	0
16910	23
16911	44
16912	8
16913	0
16914	0
16915	0
16916	4
16917	0
16918	0
16919	0
16920	0
16921	4
16922	91
16923	4
16924	0
16925	0
16926	0
16927	0
16928	1
16929	0
16930	0
16931	21
16932	22
16933	0
16934	0
16935	0
16936	0
16937	0
16938	51
16939	0
16940	2
16941	0
16942	28
16943	106
16944	35
16945	2
16946	0
16947	97
16948	11
16949	0
16950	1
16951	97
16952	1
16953	206
16954	4
16955	0
16956	0
16957	10
16958	0
16959	0
16960	4
16961	54
16962	2
16963	141
16964	0
16965	0
16966	0
16967	0
16968	0
16969	1
16970	1
16971	0
16972	0
16973	0
16974	0
16975	0
16976	0
16977	0
16978	12
16979	0
16980	0
16981	2
16982	94
16983	0
16984	38
16985	0
16986	0
16987	0
16988	0
16989	0
16990	1
16991	73
16992	0
16993	98
16994	0
16995	0
16996	0
16997	7
16998	0
16999	0
17000	0
17001	10
17002	0
17003	34
17004	0
17005	0
17006	15
17007	0
17008	10
17009	0
17010	9
17011	20
17012	1
17013	0
17014	49
17015	4
17016	0
17017	0
17018	65
17019	10
17020	0
17021	0
17022	0
17023	170
17024	48
17025	0
17026	0
17027	0
17028	0
17029	4
17030	6
17031	35
17032	16
17033	0
17034	0
17035	0
17036	0
17037	0
17038	10
17039	0
17040	0
17041	4
17042	10
17043	0
17044	0
17045	7
17046	1
17047	0
17048	193
17049	155
17050	0
17051	0
17052	0
17053	38
17054	4
17055	7
17056	0
17057	0
17058	0
17059	10
17060	10
17061	4
17062	248
17063	0
17064	12
17065	13
17066	0
17067	11
17068	1
17069	0
17070	0
17071	40
17072	20
17073	5
17074	0
17075	16
17076	0
17077	51
17078	74
17079	0
17080	23
17081	2
17082	14
17083	14
17084	30
17085	1
17086	10
17087	16
17088	20
17089	237
17090	1
17091	0
17092	167
17093	0
17094	0
17095	0
17096	34
17097	12
17098	20
17099	0
17100	0
17101	0
17102	86
17103	0
17104	281
17105	0
17106	0
17107	1
17108	0
17109	0
17110	26
17111	3
17112	2
17113	0
17114	2
17115	2
17116	0
17117	0
17118	31
17119	0
17120	0
17121	0
17122	0
17123	0
17124	10
17125	0
17126	10
17127	0
17128	20
17129	0
17130	0
17131	38
17132	10
17133	0
17134	24
17135	0
17136	0
17137	145
17138	127
17139	225
17140	0
17141	76
17142	0
17143	86
17144	0
17145	0
17146	295
17147	0
17148	0
17149	0
17150	0
17151	320
17152	1
17153	0
17154	16
17155	6
17156	0
17157	55
17158	0
17159	0
17160	0
17161	4
17162	0
17163	0
17164	0
17165	0
17166	10
17167	50
17168	4
17169	0
17170	0
17171	0
17172	0
17173	53
17174	16
17175	59
17176	59
17177	1
17178	18
17179	1
17180	17
17181	0
17182	32
17183	1
17184	4
17185	15
17186	0
17187	35
17188	50
17189	0
17190	0
17191	0
17192	0
17193	0
17194	3
17195	24
17196	0
17197	0
17198	0
17199	1
17200	0
17201	0
17202	2
17203	0
17204	321
17205	210
17206	324
17207	0
17208	0
17209	1
17210	10
17211	43
17212	0
17213	56
17214	0
17215	19
17216	0
17217	0
17218	10
17219	0
17220	0
17221	0
17222	0
17223	10
17224	0
17225	0
17226	207
17227	0
17228	201
17229	20
17230	0
17231	1
17232	0
17233	1
17234	0
17235	91
17236	0
17237	1
17238	3
17239	0
17240	0
17241	0
17242	18
17243	10
17244	0
17245	0
17246	0
17247	4
17248	76
17249	2
17250	50
17251	104
17252	0
17253	16
17254	34
17255	0
17256	0
17257	0
17258	0
17259	5
17260	0
17261	0
17262	0
17263	10
17264	52
17265	1
17266	0
17267	0
17268	52
17269	65
17270	4
17271	10
17272	0
17273	0
17274	0
17275	382
17276	8
17277	0
17278	81
17279	0
17280	4
17281	0
17282	5
17283	87
17284	52
17285	2
17286	1
17287	0
17288	0
17289	22
17290	62
17291	10
17292	1
17293	0
17294	0
17295	44
17296	0
17297	0
17298	2
17299	0
17300	0
17301	41
17302	0
17303	10
17304	0
17305	136
17306	0
17307	0
17308	0
17309	0
17310	50
17311	4
17312	0
17313	163
17314	4
17315	90
17316	1
17317	0
17318	0
17319	0
17320	0
17321	77
17322	0
17323	40
17324	4
17325	0
17326	0
17327	346
17328	0
17329	0
17330	0
17331	0
17332	2
17333	1
17334	0
17335	10
17336	217
17337	0
17338	0
17339	0
17340	52
17341	35
17342	1
17343	20
17344	4
17345	0
17346	392
17347	55
17348	1
17349	5
17350	4
17351	0
17352	103
17353	6
17354	20
17355	0
17356	0
17357	0
17358	0
17359	0
17360	0
17361	19
17362	0
17363	1
17364	209
17365	0
17366	7
17367	0
17368	4
17369	7
17370	0
17371	10
17372	122
17373	0
17374	0
17375	0
17376	0
17377	317
17378	10
17379	0
17380	0
17381	0
17382	0
17383	0
17384	200
17385	3
17386	76
17387	0
17388	11
17389	0
17390	10
17391	0
17392	1
17393	51
17394	20
17395	0
17396	105
17397	0
17398	0
17399	10
17400	210
17401	0
17402	0
17403	0
17404	0
17405	7
17406	300
17407	4
17408	0
17409	0
17410	0
17411	0
17412	0
17413	0
17414	21
17415	2
17416	0
17417	1
17418	0
17419	0
17420	2
17421	0
17422	0
17423	10
17424	42
17425	95
17426	64
17427	88
17428	0
17429	1
17430	0
17431	0
17432	27
17433	0
17434	0
17435	1
17436	0
17437	19
17438	10
17439	0
17440	49
17441	246
17442	0
17443	0
17444	0
17445	1
17446	0
17447	0
17448	0
17449	0
17450	1
17451	0
17452	20
17453	0
17454	0
17455	0
17456	77
17457	1
17458	0
17459	0
17460	151
17461	91
17462	0
17463	3
17464	87
17465	91
17466	150
17467	38
17468	167
17469	0
17470	0
17471	0
17472	0
17473	0
17474	38
17475	19
17476	0
17477	110
17478	46
17479	67
17480	67
17481	0
17482	23
17483	0
17484	65
17485	44
17486	0
17487	0
17488	0
17489	80
17490	1
17491	0
17492	0
17493	16
17494	2
17495	1
17496	120
17497	1
17498	18
17499	1
17500	0
17501	0
17502	30
17503	1
17504	0
17505	0
17506	2
17507	0
17508	0
17509	0
17510	93
17511	185
17512	0
17513	10
17514	0
17515	146
17516	0
17517	124
17518	166
17519	139
17520	155
17521	27
17522	0
17523	0
17524	1
17525	1
17526	2
17527	0
17528	2
17529	0
17530	0
17531	38
17532	4
17533	0
17534	0
17535	0
17536	0
17537	1
17538	4
17539	95
17540	0
17541	6
17542	50
17543	1
17544	10
17545	4
17546	0
17547	1
17548	1
17549	0
17550	10
17551	0
17552	10
17553	6
17554	0
17555	7
17556	0
17557	0
17558	0
17559	0
17560	133
17561	0
17562	15
17563	0
17564	1
17565	0
17566	0
17567	0
17568	7
17569	0
17570	11
17571	0
17572	3
17573	1
17574	134
17575	313
17576	322
17577	0
17578	0
17579	0
17580	320
17581	0
17582	0
17583	0
17584	0
17585	0
17586	6
17587	0
17588	20
17589	0
17590	0
17591	18
17592	20
17593	0
17594	0
17595	18
17596	0
17597	35
17598	0
17599	4
17600	193
17601	40
17602	20
17603	22
17604	0
17605	2
17606	141
