1	45
2	42
3	58
4	51
5	72
6	123
7	71
8	123
9	35
10	11
11	144
12	4
13	11
14	40
15	82
16	20
17	0
18	87
19	19
20	19
21	0
22	159
23	31
24	10
25	110
26	89
27	76
28	101
29	1
30	20
31	158
32	0
33	0
34	42
35	21
36	69
37	227
38	131
39	10
40	210
41	0
42	0
43	116
44	0
45	105
46	35
47	1
48	9
49	56
50	120
51	205
52	131
53	21
54	66
55	0
56	77
57	6
58	77
59	81
60	35
61	62
62	58
63	7
64	35
65	338
66	56
67	11
68	0
69	136
70	254
71	50
72	2
73	0
74	10
75	4
76	195
77	193
78	159
79	124
80	35
81	1
82	57
83	121
84	336
85	228
86	58
87	69
88	81
89	45
90	138
91	4
92	36
93	54
94	35
95	84
96	14
97	10
98	110
99	214
100	1
101	1
102	21
103	132
104	56
105	124
106	77
107	35
108	0
109	26
110	10
111	16
112	43
113	96
114	16
115	0
116	13
117	0
118	164
119	17
120	63
121	249
122	67
123	386
124	11
125	92
126	23
127	177
128	181
129	78
130	302
131	207
132	42
133	278
134	298
135	35
136	0
137	188
138	109
139	10
140	208
141	190
142	42
143	4
144	0
145	35
146	4
147	56
148	0
149	69
150	164
151	55
152	56
153	50
154	51
155	69
156	2
157	56
158	10
159	159
160	199
161	4
162	4
163	4
164	13
165	9
166	30
167	4
168	0
169	4
170	13
171	398
172	372
173	471
174	359
175	373
176	8
177	11
178	10
179	1
180	0
181	178
182	210
183	155
184	0
185	47
186	36
187	106
188	61
189	1
190	27
191	11
192	34
193	56
194	22
195	55
196	52
197	0
198	72
199	20
200	67
201	14
202	50
203	10
204	117
205	20
206	59
207	41
208	1
209	398
210	10
211	291
212	99
213	50
214	20
215	1
216	13
217	80
218	1
219	10
220	433
221	41
222	1
223	124
224	4
225	13
226	1
227	35
228	50
229	334
230	0
231	93
232	169
233	123
234	22
235	75
236	0
237	57
238	35
239	1
240	0
241	65
242	137
243	192
244	24
245	16
246	132
247	0
248	71
249	20
250	160
251	4
252	220
253	0
254	10
255	32
256	71
257	1
258	20
259	35
260	182
261	211
262	104
263	147
264	1
265	24
266	9
267	45
268	109
269	80
270	0
271	20
272	2
273	4
274	30
275	20
276	3
277	31
278	37
279	32
280	122
281	42
282	5
283	35
284	36
285	0
286	202
287	4
288	207
289	175
290	161
291	43
292	195
293	174
294	10
295	37
296	43
297	0
298	8
299	41
300	10
301	186
302	95
303	4
304	27
305	42
306	83
307	10
308	52
309	32
310	44
311	347
312	59
313	50
314	30
315	134
316	10
317	14
318	0
319	202
320	0
321	10
322	30
323	2
324	18
325	259
326	10
327	58
328	93
329	0
330	54
331	0
332	5
333	20
334	68
335	270
336	87
337	10
338	10
339	31
340	79
341	22
342	35
343	35
344	39
345	12
346	4
347	0
348	1
349	47
350	51
351	199
352	154
353	107
354	1
355	11
356	0
357	352
358	160
359	256
360	11
361	330
362	16
363	196
364	23
365	0
366	33
367	102
368	213
369	30
370	78
371	77
372	2
373	56
374	10
375	79
376	0
377	0
378	77
379	38
380	26
381	20
382	46
383	14
384	51
385	194
386	178
387	34
388	59
389	135
390	174
391	92
392	20
393	35
394	20
395	142
396	233
397	7
398	0
399	78
400	4
401	24
402	127
403	1
404	0
405	43
406	0
407	141
408	0
409	0
410	1
411	2
412	30
413	1
414	16
415	10
416	97
417	0
418	24
419	84
420	53
421	11
422	40
423	4
424	109
425	1
426	4
427	15
428	20
429	141
430	59
431	1
432	0
433	19
434	162
435	136
436	4
437	46
438	90
439	10
440	10
441	85
442	234
443	93
444	138
445	74
446	241
447	5
448	281
449	297
450	11
451	77
452	0
453	74
454	13
455	56
456	55
457	86
458	38
459	104
460	39
461	40
462	59
463	139
464	176
465	108
466	138
467	124
468	153
469	60
470	84
471	77
472	1
473	264
474	61
475	360
476	405
477	94
478	10
479	57
480	38
481	236
482	47
483	0
484	0
485	172
486	50
487	20
488	52
489	134
490	63
491	20
492	4
493	20
494	10
495	0
496	0
497	250
498	167
499	92
500	48
501	23
502	53
503	13
504	0
505	20
506	4
507	1
508	10
509	35
510	47
511	20
512	39
513	0
514	4
515	0
516	57
517	177
518	72
519	64
520	167
521	223
522	99
523	4
524	20
525	49
526	2
527	4
528	56
529	12
530	20
531	56
532	20
533	10
534	35
535	36
536	38
537	72
538	151
539	111
540	13
541	48
542	38
543	48
544	234
545	20
546	70
547	4
548	14
549	35
550	48
551	62
552	31
553	12
554	104
555	33
556	4
557	253
558	9
559	38
560	93
561	35
562	40
563	1
564	16
565	101
566	10
567	10
568	10
569	4
570	232
571	148
572	0
573	428
574	154
575	6
576	217
577	74
578	8
579	258
580	227
581	21
582	104
583	24
584	273
585	198
586	22
587	129
588	55
589	10
590	69
591	29
592	77
593	5
594	5
595	4
596	104
597	75
598	50
599	89
600	54
601	9
602	32
603	32
604	106
605	1
606	82
607	50
608	0
609	77
610	1
611	0
612	20
613	16
614	85
615	40
616	264
617	409
618	0
619	7
620	191
621	20
622	20
623	77
624	20
625	124
626	0
627	54
628	22
629	10
630	71
631	42
632	46
633	51
634	2
635	190
636	30
637	7
638	15
639	11
640	24
641	29
642	28
643	31
644	297
645	4
646	103
647	86
648	162
649	46
650	80
651	304
652	265
653	449
654	77
655	40
656	522
657	13
658	50
659	0
660	249
661	265
662	35
663	78
664	46
665	386
666	56
667	38
668	0
669	44
670	285
671	211
672	170
673	4
674	0
675	1
676	194
677	191
678	4
679	102
680	1
681	5
682	0
683	338
684	300
685	24
686	51
687	111
688	0
689	16
690	16
691	0
692	0
693	158
694	18
695	96
696	36
697	0
698	105
699	69
700	0
701	25
702	20
703	37
704	84
705	11
706	22
707	20
708	5
709	216
710	95
711	211
712	242
713	127
714	86
715	197
716	38
717	4
718	112
719	27
720	148
721	0
722	5
723	16
724	0
725	0
726	20
727	154
728	7
729	0
730	80
731	16
732	1
733	82
734	10
735	70
736	21
737	7
738	107
739	110
740	74
741	287
742	86
743	77
744	77
745	96
746	35
747	0
748	181
749	20
750	148
751	0
752	11
753	1
754	10
755	0
756	0
757	21
758	21
759	217
760	69
761	141
762	46
763	10
764	4
765	62
766	20
767	30
768	10
769	41
770	0
771	0
772	41
773	10
774	12
775	27
776	110
777	20
778	0
779	0
780	0
781	0
782	40
783	56
784	30
785	3
786	7
787	237
788	4
789	95
790	103
791	57
792	20
793	102
794	23
795	0
796	4
797	344
798	509
799	324
800	10
801	22
802	18
803	36
804	4
805	30
806	18
807	216
808	0
809	1
810	24
811	4
812	10
813	29
814	16
815	1
816	394
817	109
818	35
819	63
820	11
821	38
822	1
823	117
824	165
825	149
826	16
827	22
828	10
829	223
830	66
831	120
832	285
833	14
834	198
835	221
836	3
837	10
838	79
839	30
840	4
841	4
842	4
843	20
844	264
845	93
846	4
847	38
848	0
849	4
850	62
851	4
852	23
853	134
854	4
855	162
856	86
857	353
858	35
859	378
860	137
861	82
862	20
863	11
864	164
865	11
866	7
867	2
868	10
869	3
870	16
871	4
872	1
873	1
874	65
875	82
876	90
877	187
878	67
879	162
880	159
881	11
882	38
883	1
884	0
885	12
886	1
887	29
888	16
889	10
890	26
891	123
892	170
893	14
894	3
895	0
896	10
897	23
898	4
899	211
900	119
901	226
902	149
903	38
904	58
905	31
906	39
907	20
908	60
909	20
910	0
911	327
912	103
913	4
914	40
915	237
916	255
917	257
918	163
919	0
920	210
921	367
922	35
923	34
924	92
925	2
926	0
927	62
928	1
929	60
930	20
931	29
932	93
933	172
934	0
935	291
936	56
937	120
938	106
939	309
940	57
941	36
942	180
943	21
944	178
945	36
946	280
947	145
948	203
949	193
950	218
951	0
952	10
953	34
954	27
955	35
956	37
957	10
958	20
959	11
960	35
961	45
962	178
963	10
964	22
965	10
966	254
967	8
968	143
969	1
970	196
971	94
972	35
973	110
974	400
975	352
976	340
977	10
978	89
979	9
980	1
981	93
982	35
983	0
984	20
985	4
986	4
987	0
988	30
989	14
990	40
991	16
992	10
993	66
994	90
995	142
996	144
997	54
998	50
999	78
1000	161
1001	1
1002	49
1003	68
1004	0
1005	279
1006	300
1007	4
1008	143
1009	205
1010	133
1011	0
1012	86
1013	54
1014	16
1015	21
1016	10
1017	14
1018	18
1019	4
1020	187
1021	38
1022	91
1023	314
1024	10
1025	0
1026	0
1027	4
1028	240
1029	87
1030	5
1031	4
1032	221
1033	0
1034	30
1035	63
1036	139
1037	16
1038	164
1039	152
1040	153
1041	80
1042	61
1043	33
1044	10
1045	3
1046	56
1047	20
1048	56
1049	0
1050	26
1051	13
1052	14
1053	69
1054	0
1055	232
1056	7
1057	0
