81173	35
81174	8
81175	0
81176	71
81177	20
81178	24
81179	35
81180	0
81181	0
81182	50
81183	10
81184	0
81185	0
81186	1
81187	74
81188	293
81189	13
81190	20
81191	248
81192	0
81193	0
81194	204
81195	351
81196	1
81197	0
81198	4
81199	0
81200	23
81201	1
81202	10
81203	200
81204	133
81205	10
81206	202
81207	21
81208	2
81209	1
81210	46
81211	68
81212	56
81213	0
81214	0
81215	107
81216	4
81217	10
81218	0
81219	0
81220	0
81221	63
81222	20
81223	11
81224	4
81225	144
81226	2
81227	68
81228	172
81229	188
81230	1
81231	22
81232	206
81233	0
81234	4
81235	1
81236	4
81237	1
81238	26
81239	77
81240	244
81241	35
81242	1
81243	50
81244	0
81245	35
81246	8
81247	21
81248	50
81249	0
81250	0
81251	72
81252	399
81253	4
81254	0
81255	4
81256	0
81257	13
81258	17
81259	53
81260	1
81261	4
81262	0
81263	73
81264	29
81265	90
81266	112
81267	1
81268	0
81269	0
81270	23
81271	285
81272	81
81273	0
81274	38
81275	1
81276	10
81277	4
81278	0
81279	0
81280	57
81281	0
81282	10
81283	86
81284	0
81285	4
81286	22
81287	52
81288	28
81289	16
81290	0
81291	0
81292	14
81293	1
81294	1
81295	0
81296	0
81297	0
81298	31
81299	71
81300	12
81301	126
81302	4
81303	1
81304	4
81305	10
81306	24
81307	56
81308	4
81309	1
81310	0
81311	13
81312	20
81313	1
81314	6
81315	0
81316	20
81317	49
81318	0
81319	78
81320	0
81321	1
81322	16
81323	10
81324	11
81325	0
81326	199
81327	26
81328	0
81329	10
81330	20
81331	10
81332	38
81333	0
81334	100
81335	92
81336	10
81337	86
81338	4
81339	142
81340	14
81341	0
81342	0
81343	156
81344	240
81345	95
81346	156
81347	1
81348	51
81349	20
81350	0
81351	10
81352	0
81353	1
81354	20
81355	6
81356	50
81357	35
81358	86
81359	98
81360	150
81361	325
81362	91
81363	244
81364	0
81365	0
81366	363
81367	22
81368	0
81369	20
81370	77
81371	212
81372	180
81373	0
81374	3
81375	0
81376	0
81377	151
81378	7
81379	0
81380	0
81381	37
81382	191
81383	0
81384	20
81385	27
81386	10
81387	89
81388	47
81389	0
81390	0
81391	4
81392	51
81393	0
81394	10
81395	90
81396	1
81397	0
81398	0
81399	14
81400	35
81401	0
81402	42
81403	1
81404	0
81405	0
81406	4
81407	4
81408	1
81409	0
81410	1
81411	10
81412	0
81413	6
81414	14
81415	37
81416	16
81417	3
81418	10
81419	25
81420	180
81421	74
81422	0
81423	1
81424	0
81425	6
81426	39
81427	4
81428	0
81429	35
81430	11
81431	44
81432	253
81433	4
81434	0
81435	0
81436	0
81437	0
81438	2
81439	172
81440	7
81441	83
81442	173
81443	0
81444	0
81445	0
81446	55
81447	18
81448	2
81449	4
81450	184
81451	71
81452	0
81453	46
81454	0
81455	0
81456	45
81457	148
81458	0
81459	216
81460	43
81461	56
81462	16
81463	0
81464	0
81465	26
81466	0
81467	19
81468	54
81469	23
81470	0
81471	73
81472	0
81473	1
81474	26
81475	41
81476	88
81477	4
81478	4
81479	20
81480	1
81481	0
81482	4
81483	4
81484	0
81485	35
81486	10
81487	0
81488	51
81489	13
81490	10
81491	0
81492	21
81493	8
81494	1
81495	17
81496	50
81497	50
81498	1
81499	0
81500	35
81501	28
81502	26
81503	240
81504	0
81505	35
81506	56
81507	16
81508	4
81509	25
81510	108
81511	60
81512	105
81513	20
81514	8
81515	13
81516	4
81517	0
81518	0
81519	63
81520	1
81521	0
81522	4
81523	10
81524	138
81525	1
81526	0
81527	50
81528	20
81529	35
81530	133
81531	35
81532	0
81533	0
81534	97
81535	0
81536	0
81537	287
81538	17
81539	15
81540	25
81541	41
81542	7
81543	27
81544	0
81545	0
81546	0
81547	10
81548	6
81549	20
81550	351
81551	0
81552	1
81553	0
81554	10
81555	0
81556	8
81557	39
81558	0
81559	157
81560	16
81561	49
81562	10
81563	72
81564	21
81565	0
81566	0
81567	10
81568	0
81569	0
81570	66
81571	0
81572	0
81573	0
81574	32
81575	83
81576	63
81577	14
81578	0
81579	56
81580	44
81581	0
81582	0
81583	168
81584	10
81585	26
81586	25
81587	35
81588	0
81589	0
81590	5
81591	1
81592	0
81593	0
81594	117
81595	31
81596	77
81597	0
81598	0
81599	6
81600	2
81601	0
81602	4
81603	0
81604	0
81605	5
81606	81
81607	35
81608	0
81609	11
81610	0
81611	33
81612	0
81613	21
81614	31
81615	0
81616	15
81617	65
81618	0
81619	0
81620	20
81621	6
81622	0
81623	10
81624	0
81625	1
81626	10
81627	206
81628	103
81629	102
81630	72
81631	1
81632	10
81633	16
81634	0
81635	16
81636	10
81637	20
81638	0
81639	12
81640	75
81641	10
81642	97
81643	0
81644	271
81645	159
81646	50
81647	35
81648	0
81649	170
81650	0
81651	0
81652	0
81653	0
81654	10
81655	6
81656	0
81657	117
81658	6
81659	0
81660	0
81661	34
81662	2
81663	83
81664	136
81665	4
81666	101
81667	56
81668	4
81669	1
81670	10
81671	0
81672	33
81673	12
81674	133
81675	94
81676	0
81677	0
81678	0
81679	134
81680	130
81681	161
81682	12
81683	196
81684	9
81685	34
81686	4
81687	0
81688	20
81689	20
81690	6
81691	51
81692	20
81693	154
81694	56
81695	56
81696	30
81697	50
81698	0
81699	0
81700	2
81701	93
81702	4
81703	4
81704	1
81705	0
81706	34
81707	6
81708	123
81709	130
81710	411
81711	251
81712	1
81713	146
81714	0
81715	172
81716	117
81717	0
81718	0
81719	238
81720	0
81721	12
81722	1
81723	0
81724	261
81725	4
81726	4
81727	138
81728	4
81729	0
81730	135
81731	4
81732	156
81733	4
81734	24
81735	7
81736	153
81737	56
81738	12
81739	7
81740	0
81741	29
81742	0
81743	0
81744	45
81745	162
81746	119
81747	20
81748	236
81749	80
81750	4
81751	20
81752	0
81753	13
81754	99
81755	128
81756	268
81757	184
81758	312
81759	12
81760	35
81761	0
81762	2
81763	0
81764	1
81765	56
81766	4
81767	0
81768	0
81769	254
81770	1
81771	10
81772	1
81773	300
81774	0
81775	0
81776	20
81777	0
81778	0
81779	11
81780	0
81781	72
81782	56
81783	1
81784	0
81785	0
81786	95
81787	0
81788	10
81789	24
81790	4
81791	1
81792	397
81793	0
81794	0
81795	10
81796	35
81797	0
81798	35
81799	0
81800	0
81801	11
81802	71
81803	1
81804	38
81805	0
81806	36
81807	187
81808	0
81809	1
81810	0
81811	29
81812	55
81813	24
81814	36
81815	0
81816	1
81817	4
81818	118
81819	34
81820	0
81821	30
81822	148
81823	74
81824	16
81825	34
81826	0
81827	13
81828	0
81829	157
81830	29
81831	4
81832	20
81833	36
81834	35
81835	361
81836	136
81837	108
81838	0
81839	20
81840	10
81841	10
81842	73
81843	2
81844	10
81845	11
81846	10
81847	0
81848	4
81849	115
81850	93
81851	196
81852	0
81853	40
81854	12
81855	0
81856	35
81857	35
81858	10
81859	0
81860	0
81861	80
81862	20
81863	20
81864	151
81865	106
81866	0
81867	0
81868	0
81869	2
81870	18
81871	151
81872	104
81873	10
81874	10
81875	35
81876	0
81877	121
81878	2
81879	1
81880	37
81881	24
81882	4
81883	17
81884	0
81885	50
81886	4
81887	92
81888	0
81889	0
81890	11
81891	0
81892	4
81893	20
81894	35
81895	4
81896	35
81897	6
