47835	12
47836	58
47837	161
47838	118
47839	51
47840	49
47841	8
47842	10
47843	15
47844	44
47845	7
47846	70
47847	0
47848	11
47849	51
47850	10
47851	10
47852	23
47853	0
47854	78
47855	56
47856	0
47857	4
47858	0
47859	20
47860	0
47861	0
47862	0
47863	0
47864	0
47865	61
47866	35
47867	0
47868	0
47869	20
47870	22
47871	230
47872	2
47873	0
47874	0
47875	40
47876	29
47877	0
47878	38
47879	1
47880	16
47881	20
47882	6
47883	20
47884	35
47885	59
47886	0
47887	0
47888	102
47889	10
47890	0
47891	5
47892	0
47893	88
47894	192
47895	0
47896	0
47897	0
47898	101
47899	22
47900	269
47901	1
47902	154
47903	1
47904	101
47905	5
47906	106
47907	17
47908	20
47909	246
47910	228
47911	1
47912	0
47913	10
47914	0
47915	14
47916	4
47917	89
47918	0
47919	0
47920	0
47921	0
47922	0
47923	0
47924	5
47925	0
47926	0
47927	1
47928	51
47929	91
47930	43
47931	44
47932	158
47933	35
47934	38
47935	20
47936	50
47937	9
47938	52
47939	178
47940	145
47941	172
47942	0
47943	0
47944	10
47945	232
47946	10
47947	1
47948	1
47949	13
47950	54
47951	0
47952	0
47953	38
47954	16
47955	0
47956	16
47957	23
47958	53
47959	0
47960	16
47961	14
47962	89
47963	44
47964	0
47965	4
47966	0
47967	36
47968	22
47969	4
47970	7
47971	4
47972	4
47973	2
47974	0
47975	0
47976	4
47977	0
47978	31
47979	1
47980	10
47981	10
47982	4
47983	35
47984	0
47985	10
47986	0
47987	1
47988	37
47989	31
47990	0
47991	38
47992	0
47993	20
47994	162
47995	7
47996	11
47997	24
47998	0
47999	68
48000	104
48001	0
48002	77
48003	0
48004	0
48005	0
48006	7
48007	0
48008	0
48009	56
48010	77
48011	114
48012	94
48013	36
48014	16
48015	2
48016	15
48017	50
48018	91
48019	14
48020	0
48021	0
48022	57
48023	30
48024	30
48025	1
48026	0
48027	35
48028	272
48029	0
48030	0
48031	37
48032	4
48033	149
48034	70
48035	144
48036	26
48037	13
48038	0
48039	0
48040	0
48041	10
48042	0
48043	1
48044	1
48045	0
48046	35
48047	0
48048	42
48049	1
48050	86
48051	0
48052	0
48053	10
48054	160
48055	20
48056	135
48057	3
48058	35
48059	20
48060	21
48061	4
48062	16
48063	1
48064	0
48065	0
48066	10
48067	35
48068	0
48069	0
48070	4
48071	35
48072	50
48073	52
48074	0
48075	0
48076	41
48077	0
48078	6
48079	6
48080	26
48081	0
48082	22
48083	91
48084	11
48085	26
48086	14
48087	1
48088	35
48089	10
48090	24
48091	0
48092	31
48093	10
48094	92
48095	16
48096	35
48097	56
48098	0
48099	0
48100	4
48101	411
48102	218
48103	46
48104	4
48105	1
48106	20
48107	77
48108	0
48109	40
48110	0
48111	6
48112	1
48113	1
48114	16
48115	2
48116	12
48117	86
48118	30
48119	27
48120	3
48121	21
48122	58
48123	0
48124	0
48125	0
48126	4
48127	0
48128	2
48129	1
48130	86
48131	0
48132	20
48133	16
48134	0
48135	10
48136	56
48137	123
48138	7
48139	0
48140	7
48141	5
48142	42
48143	0
48144	0
48145	20
48146	10
48147	209
48148	260
48149	20
48150	0
48151	0
48152	51
48153	90
48154	81
48155	128
48156	11
48157	0
48158	0
48159	17
48160	50
48161	8
48162	4
48163	0
48164	0
48165	20
48166	0
48167	4
48168	3
48169	305
48170	10
48171	4
48172	56
48173	1
48174	9
48175	5
48176	4
48177	0
48178	36
48179	0
48180	39
48181	1
48182	0
48183	88
48184	10
48185	0
48186	26
48187	2
48188	46
48189	0
48190	50
48191	46
48192	87
48193	67
48194	67
48195	55
48196	122
48197	0
48198	77
48199	0
48200	66
48201	243
48202	451
48203	35
48204	249
48205	336
48206	7
48207	35
48208	0
48209	94
48210	91
48211	6
48212	1
48213	0
48214	0
48215	0
48216	31
48217	93
48218	30
48219	1
48220	0
48221	4
48222	17
48223	0
48224	130
48225	115
48226	0
48227	0
48228	0
48229	0
48230	282
48231	132
48232	1
48233	141
48234	56
48235	42
48236	0
48237	4
48238	1
48239	10
48240	10
48241	0
48242	20
48243	65
48244	1
48245	169
48246	212
48247	141
48248	18
48249	0
48250	0
48251	35
48252	104
48253	27
48254	15
48255	34
48256	20
48257	211
48258	1
48259	0
48260	4
48261	0
48262	10
48263	20
48264	5
48265	2
48266	210
48267	122
48268	0
48269	64
48270	93
48271	371
48272	299
48273	260
48274	337
48275	0
48276	35
48277	130
48278	116
48279	3
48280	3
48281	0
48282	0
48283	10
48284	30
48285	10
48286	0
48287	0
48288	99
48289	1
48290	0
48291	104
48292	2
48293	15
48294	23
48295	0
48296	2
48297	52
48298	2
48299	7
48300	203
48301	27
48302	0
48303	1
48304	29
48305	0
48306	88
48307	4
48308	1
48309	129
48310	95
48311	97
48312	0
48313	79
48314	89
48315	173
48316	110
48317	22
48318	2
48319	134
48320	22
48321	0
48322	10
48323	10
48324	24
48325	1
48326	10
48327	7
48328	0
48329	1
48330	0
48331	10
48332	114
48333	20
48334	0
48335	17
48336	0
48337	23
48338	172
48339	10
48340	74
48341	0
48342	177
48343	1
48344	20
48345	0
48346	206
48347	122
48348	64
48349	20
48350	0
48351	1
48352	1
48353	6
48354	0
48355	0
48356	0
48357	0
48358	16
48359	151
48360	10
48361	4
48362	0
48363	104
48364	34
48365	35
48366	0
48367	9
48368	1
48369	1
48370	308
48371	406
48372	6
48373	37
48374	32
48375	528
48376	139
48377	1
48378	0
48379	0
48380	141
48381	221
48382	93
48383	0
48384	0
48385	52
48386	26
48387	0
48388	0
48389	79
48390	25
48391	26
48392	0
48393	160
48394	0
48395	10
48396	168
48397	1
48398	0
48399	0
48400	3
48401	20
48402	0
48403	0
48404	0
48405	95
48406	10
48407	150
48408	45
48409	0
48410	0
48411	175
48412	0
48413	108
48414	10
48415	0
48416	6
48417	21
48418	0
48419	0
48420	0
48421	1
48422	3
48423	14
48424	0
48425	0
48426	41
48427	67
48428	0
48429	10
48430	0
48431	0
48432	67
48433	199
48434	215
48435	20
48436	136
48437	20
48438	148
48439	25
48440	185
48441	156
48442	126
48443	67
48444	111
48445	291
48446	108
48447	20
48448	35
48449	162
48450	8
48451	1
48452	1
48453	204
48454	14
48455	0
48456	30
48457	472
48458	4
48459	0
48460	7
48461	8
48462	4
48463	20
48464	0
48465	27
48466	0
48467	0
48468	4
48469	0
48470	0
48471	10
48472	14
48473	52
48474	10
48475	0
48476	77
48477	13
48478	63
48479	82
48480	20
48481	1
48482	1
48483	0
48484	1
48485	0
48486	5
48487	5
48488	0
48489	30
48490	0
48491	0
48492	78
48493	0
48494	98
48495	13
48496	133
48497	191
48498	107
48499	0
48500	20
48501	56
48502	10
48503	5
48504	74
48505	268
48506	226
48507	64
48508	0
48509	0
48510	140
48511	3
48512	32
48513	32
48514	1
48515	0
48516	10
48517	10
48518	7
48519	5
48520	55
48521	0
48522	2
48523	15
48524	10
48525	0
48526	11
48527	11
48528	167
48529	0
48530	121
48531	20
48532	0
48533	0
48534	10
48535	1
48536	35
48537	35
48538	115
48539	310
48540	104
48541	34
48542	0
48543	0
48544	0
48545	35
48546	0
48547	15
48548	23
48549	4
48550	61
48551	4
48552	36
48553	0
48554	4
48555	56
48556	0
48557	24
48558	5
48559	25
48560	24
48561	35
48562	2
48563	44
48564	40
48565	1
48566	56
48567	221
48568	176
48569	88
48570	9
48571	1
48572	1
48573	0
48574	18
48575	22
48576	0
48577	161
48578	9
48579	35
48580	23
48581	0
48582	16
48583	10
48584	68
48585	18
48586	71
48587	0
48588	0
48589	10
48590	80
48591	1
48592	0
48593	1
48594	0
48595	42
