12954	4
12955	20
12956	0
12957	0
12958	10
12959	1
12960	10
12961	20
12962	0
12963	119
12964	10
12965	77
12966	2
12967	0
12968	128
12969	128
12970	19
12971	4
12972	4
12973	0
12974	0
12975	1
12976	22
12977	0
12978	169
12979	1
12980	0
12981	177
12982	80
12983	21
12984	72
12985	76
12986	0
12987	36
12988	20
12989	0
12990	124
12991	10
12992	72
12993	65
12994	30
12995	0
12996	151
12997	144
12998	118
12999	77
13000	249
13001	51
13002	37
13003	10
13004	1
13005	35
13006	4
13007	10
13008	0
13009	32
13010	283
13011	1
13012	80
13013	77
13014	44
13015	84
13016	71
13017	1
13018	11
13019	7
13020	16
13021	35
13022	1
13023	13
13024	50
13025	22
13026	99
13027	75
13028	97
13029	20
13030	19
13031	39
13032	0
13033	1
13034	1
13035	30
13036	35
13037	0
13038	20
13039	36
13040	1
13041	0
13042	44
13043	4
13044	258
13045	0
13046	22
13047	152
13048	1
13049	0
13050	11
13051	10
13052	82
13053	5
13054	50
13055	61
13056	16
13057	14
13058	10
13059	79
13060	37
13061	53
13062	10
13063	51
13064	1
13065	71
13066	1
13067	4
13068	1
13069	10
13070	30
13071	5
13072	10
13073	138
13074	62
13075	0
13076	0
13077	232
13078	199
13079	17
13080	17
13081	10
13082	22
13083	0
13084	1
13085	2
13086	0
13087	35
13088	4
13089	38
13090	30
13091	20
13092	164
13093	20
13094	1
13095	10
13096	7
13097	61
13098	20
13099	21
13100	24
13101	20
13102	11
13103	0
13104	0
13105	10
13106	37
13107	14
13108	77
13109	2
13110	28
13111	241
13112	122
13113	0
13114	50
13115	4
13116	86
13117	0
13118	29
13119	1
13120	8
13121	0
13122	36
13123	4
13124	20
13125	53
13126	0
13127	179
13128	0
13129	62
13130	1
13131	0
13132	210
13133	25
13134	42
13135	52
13136	0
13137	13
13138	6
13139	0
13140	4
13141	34
13142	96
13143	4
13144	39
13145	183
13146	52
13147	1
13148	10
13149	1
13150	53
13151	0
13152	0
13153	1
13154	20
13155	11
13156	16
13157	0
13158	4
13159	0
13160	0
13161	214
13162	47
13163	11
13164	22
13165	20
13166	0
13167	34
13168	2
13169	1
13170	0
13171	12
13172	35
13173	23
13174	56
13175	1
13176	37
13177	20
13178	30
13179	22
13180	1
13181	10
13182	0
13183	22
13184	77
13185	4
13186	35
13187	130
13188	43
13189	35
13190	146
13191	1
13192	10
13193	26
13194	24
13195	14
13196	11
13197	0
13198	234
13199	10
13200	0
13201	20
13202	56
13203	4
13204	0
13205	1
13206	51
13207	0
13208	1
13209	196
13210	0
13211	55
13212	14
13213	2
13214	190
13215	13
13216	4
13217	104
13218	50
13219	4
13220	26
13221	21
13222	14
13223	2
13224	48
13225	15
13226	30
13227	4
13228	88
13229	196
13230	0
13231	1
13232	20
13233	1
13234	8
13235	8
13236	56
13237	6
13238	53
13239	35
13240	17
13241	79
13242	4
13243	10
13244	23
13245	4
13246	0
13247	106
13248	4
13249	19
13250	4
13251	10
13252	50
13253	58
13254	92
13255	4
13256	55
13257	28
13258	14
13259	16
13260	65
13261	78
13262	10
13263	0
13264	20
13265	4
13266	35
13267	71
13268	221
13269	0
13270	4
13271	1
13272	106
13273	38
13274	3
13275	1
13276	93
13277	104
13278	34
13279	4
13280	1
13281	40
13282	14
13283	50
13284	16
13285	4
13286	16
13287	205
13288	21
13289	0
13290	10
13291	49
13292	10
13293	4
13294	1
13295	61
13296	50
13297	69
13298	57
13299	123
13300	0
13301	2
13302	20
13303	200
13304	320
13305	0
13306	0
13307	2
13308	1
13309	17
13310	25
13311	10
13312	35
13313	1
13314	131
13315	3
13316	10
13317	1
13318	0
13319	147
13320	20
13321	20
13322	11
13323	10
13324	10
13325	20
13326	0
13327	79
13328	43
13329	1
13330	0
13331	11
13332	56
13333	53
13334	17
13335	300
13336	77
13337	0
13338	59
13339	12
13340	1
13341	35
13342	47
13343	5
13344	10
13345	197
13346	1
13347	1
13348	6
13349	1
13350	4
13351	10
13352	2
13353	10
13354	16
13355	245
13356	132
13357	11
13358	90
13359	1
13360	0
13361	10
13362	141
13363	0
13364	23
13365	2
13366	10
13367	157
13368	120
13369	139
13370	77
13371	75
13372	116
13373	0
13374	66
13375	5
13376	1
13377	30
13378	143
13379	93
13380	35
13381	4
13382	180
13383	20
13384	32
13385	20
13386	25
13387	12
13388	1
13389	10
13390	1
13391	45
13392	1
13393	4
13394	158
13395	146
13396	36
13397	19
13398	4
13399	22
13400	71
13401	46
13402	30
13403	14
13404	1
13405	10
13406	207
13407	0
13408	4
13409	30
13410	16
13411	76
13412	30
13413	30
13414	113
13415	100
13416	11
13417	66
13418	45
13419	0
13420	46
13421	4
13422	11
13423	4
13424	20
13425	40
13426	0
13427	12
13428	39
13429	70
13430	0
13431	6
13432	105
13433	30
13434	0
13435	7
13436	1
13437	34
13438	0
13439	10
13440	66
13441	0
13442	89
13443	20
13444	20
13445	71
13446	20
13447	35
13448	4
13449	14
13450	0
13451	79
13452	4
13453	30
13454	150
13455	4
13456	167
13457	35
13458	1
13459	65
13460	4
13461	8
13462	21
13463	10
13464	22
13465	41
13466	6
13467	4
13468	10
13469	30
13470	77
13471	2
13472	0
13473	1
13474	35
13475	1
13476	4
13477	21
13478	46
13479	4
13480	0
13481	1
13482	23
13483	53
13484	0
13485	10
13486	204
13487	20
13488	50
13489	0
13490	26
13491	140
13492	278
13493	74
13494	1
13495	17
13496	65
13497	0
13498	0
13499	0
13500	4
13501	10
13502	317
13503	0
13504	20
13505	10
13506	0
13507	204
13508	30
13509	20
13510	59
13511	78
13512	220
13513	1
13514	23
13515	4
13516	0
13517	60
13518	4
13519	56
13520	0
13521	125
13522	52
13523	1
13524	0
13525	31
