17607	7
17608	0
17609	11
17610	0
17611	0
17612	0
17613	98
17614	346
17615	147
17616	0
17617	5
17618	0
17619	0
17620	7
17621	3
17622	11
17623	0
17624	0
17625	0
17626	0
17627	0
17628	0
17629	133
17630	0
17631	0
17632	20
17633	1
17634	1
17635	20
17636	0
17637	0
17638	23
17639	0
17640	0
17641	234
17642	0
17643	16
17644	0
17645	0
17646	0
17647	7
17648	0
17649	4
17650	0
17651	53
17652	0
17653	4
17654	0
17655	1
17656	20
17657	0
17658	0
17659	0
17660	10
17661	38
17662	0
17663	0
17664	0
17665	20
17666	0
17667	0
17668	10
17669	349
17670	416
17671	21
17672	0
17673	225
17674	20
17675	14
17676	0
17677	0
17678	0
17679	7
17680	0
17681	20
17682	0
17683	0
17684	20
17685	51
17686	0
17687	0
17688	36
17689	9
17690	29
17691	0
17692	64
17693	2
17694	0
17695	0
17696	4
17697	0
17698	0
17699	0
17700	254
17701	69
17702	4
17703	1
17704	0
17705	0
17706	0
17707	323
17708	0
17709	0
17710	36
17711	4
17712	11
17713	4
17714	0
17715	76
17716	0
17717	0
17718	4
17719	0
17720	0
17721	304
17722	38
17723	0
17724	40
17725	10
17726	194
17727	35
17728	0
17729	20
17730	0
17731	4
17732	1
17733	229
17734	4
17735	0
17736	10
17737	0
17738	21
17739	0
17740	0
17741	1
17742	10
17743	1
17744	0
17745	235
17746	1
17747	0
17748	0
17749	4
17750	0
17751	1
17752	0
17753	0
17754	16
17755	7
17756	0
17757	2
17758	0
17759	4
17760	0
17761	0
17762	0
17763	0
17764	0
17765	1
17766	12
17767	0
17768	26
17769	0
17770	0
17771	0
17772	10
17773	53
17774	0
17775	0
17776	1
17777	4
17778	26
17779	20
17780	13
17781	0
17782	0
17783	0
17784	377
17785	0
17786	50
17787	38
17788	6
17789	28
17790	38
17791	20
17792	77
17793	0
17794	1
17795	0
17796	5
17797	1
17798	0
17799	272
17800	282
17801	52
17802	0
17803	0
17804	2
17805	0
17806	67
17807	17
17808	0
17809	76
17810	0
17811	0
17812	0
17813	2
17814	192
17815	35
17816	32
17817	50
17818	10
17819	0
17820	0
17821	0
17822	14
17823	20
17824	46
17825	36
17826	43
17827	0
17828	1
17829	0
17830	103
17831	5
17832	10
17833	91
17834	151
17835	1
17836	122
17837	0
17838	49
17839	18
17840	2
17841	0
17842	0
17843	0
17844	36
17845	0
17846	0
17847	4
17848	0
17849	0
17850	0
17851	0
17852	59
17853	0
17854	0
17855	0
17856	0
17857	72
17858	10
17859	5
17860	34
17861	0
17862	0
17863	1
17864	0
17865	0
17866	0
17867	0
17868	0
17869	4
17870	0
17871	0
17872	12
17873	24
17874	40
17875	0
17876	0
17877	70
17878	13
17879	19
17880	10
17881	0
17882	0
17883	0
17884	0
17885	4
17886	20
17887	4
17888	0
17889	0
17890	0
17891	2
17892	0
17893	2
17894	0
17895	0
17896	5
17897	40
17898	13
17899	4
17900	0
17901	0
17902	0
17903	2
17904	205
17905	200
17906	227
17907	0
17908	0
17909	2
17910	1
17911	0
17912	17
17913	0
17914	0
17915	23
17916	36
17917	189
17918	10
17919	1
17920	0
17921	116
17922	10
17923	4
17924	18
17925	0
17926	0
17927	0
17928	0
17929	12
17930	0
17931	126
17932	20
17933	46
17934	0
17935	1
17936	0
17937	0
17938	0
17939	0
17940	4
17941	0
17942	18
17943	10
17944	0
17945	0
17946	0
17947	3
17948	95
17949	0
17950	86
17951	120
17952	0
17953	31
17954	4
17955	1
17956	0
17957	0
17958	33
17959	19
17960	1
17961	20
17962	137
17963	0
17964	290
17965	35
17966	0
17967	0
17968	0
17969	1
17970	4
17971	0
17972	0
17973	0
17974	2
17975	0
17976	0
17977	0
17978	0
17979	0
17980	0
17981	4
17982	75
17983	0
17984	0
17985	0
17986	0
17987	0
17988	0
17989	4
17990	0
17991	0
17992	30
17993	0
17994	0
17995	10
17996	0
17997	1
17998	0
17999	23
18000	9
18001	6
18002	0
18003	0
18004	4
18005	1
18006	123
18007	1
18008	1
18009	0
18010	77
18011	6
18012	0
18013	0
18014	0
18015	0
18016	0
18017	0
18018	31
18019	105
18020	0
18021	0
18022	0
18023	0
18024	0
18025	135
18026	165
18027	2
18028	0
18029	0
18030	1
18031	108
18032	0
18033	82
18034	0
18035	0
18036	57
18037	0
18038	1
18039	120
18040	0
18041	5
18042	5
18043	132
18044	6
18045	15
18046	94
18047	0
18048	0
18049	10
18050	1
18051	0
18052	22
18053	19
18054	12
18055	7
18056	116
18057	0
18058	0
18059	50
18060	0
18061	0
18062	0
18063	0
18064	1
18065	50
18066	0
18067	0
18068	0
18069	0
18070	7
18071	154
18072	0
18073	146
18074	0
18075	298
18076	245
18077	1
18078	1
18079	0
18080	0
18081	0
18082	0
18083	2
18084	4
18085	1
18086	0
18087	0
18088	4
18089	0
18090	4
18091	31
18092	0
18093	29
18094	0
18095	0
18096	43
18097	5
18098	7
18099	17
18100	0
18101	30
18102	13
18103	24
18104	40
18105	0
18106	0
18107	10
18108	3
18109	0
18110	0
18111	0
18112	30
18113	0
18114	0
18115	38
18116	0
18117	36
18118	0
18119	0
18120	0
18121	121
18122	3
18123	0
18124	0
18125	0
18126	0
18127	51
18128	2
18129	239
18130	0
18131	0
18132	1
18133	0
18134	4
18135	112
18136	204
18137	0
18138	33
18139	104
18140	0
18141	20
18142	0
18143	0
18144	0
18145	0
18146	90
18147	0
18148	0
18149	356
18150	0
18151	4
18152	15
18153	4
18154	221
18155	4
18156	0
18157	2
18158	2
18159	0
18160	29
18161	104
18162	0
18163	103
18164	119
18165	37
18166	4
18167	0
18168	2
18169	91
18170	0
18171	4
18172	0
18173	0
18174	0
18175	32
18176	1
18177	46
18178	0
18179	110
18180	0
18181	0
18182	0
18183	23
18184	10
18185	0
18186	24
18187	1
18188	10
18189	16
18190	0
18191	220
18192	35
18193	3
18194	4
18195	178
18196	74
18197	74
18198	0
18199	4
18200	7
18201	1
18202	0
18203	0
18204	0
18205	24
18206	195
18207	0
18208	0
18209	0
18210	23
18211	93
18212	15
18213	0
18214	67
18215	5
18216	1
18217	35
18218	2
18219	273
18220	77
18221	0
18222	0
18223	77
18224	0
18225	1
18226	0
18227	0
18228	13
18229	1
18230	246
18231	240
18232	0
18233	0
18234	2
18235	4
18236	0
18237	0
18238	0
18239	0
18240	1
18241	333
18242	0
18243	1
18244	329
18245	0
18246	0
18247	11
18248	0
18249	0
18250	0
18251	153
18252	80
18253	0
18254	57
18255	0
18256	0
18257	10
18258	0
18259	0
18260	188
18261	0
18262	0
18263	10
18264	0
18265	4
18266	0
18267	30
18268	0
18269	4
18270	305
18271	0
18272	0
18273	6
18274	45
18275	0
18276	51
18277	0
18278	44
18279	255
18280	0
18281	0
18282	200
18283	59
18284	16
18285	46
18286	0
18287	61
18288	0
18289	0
18290	4
18291	0
18292	1
18293	305
18294	0
18295	0
18296	0
18297	11
18298	26
18299	27
18300	1
18301	0
18302	5
18303	0
18304	0
18305	12
18306	1
18307	35
18308	0
18309	0
18310	7
18311	16
18312	1
18313	86
18314	0
18315	0
18316	0
18317	20
18318	18
18319	0
18320	0
18321	0
18322	108
18323	0
18324	0
18325	0
18326	2
18327	0
18328	328
18329	1
18330	0
18331	6
18332	0
18333	0
18334	0
18335	0
18336	290
18337	36
18338	0
18339	204
18340	0
18341	10
18342	23
18343	0
18344	0
18345	0
18346	0
18347	0
18348	8
18349	0
18350	0
18351	1
18352	1
18353	0
18354	188
18355	4
18356	0
18357	0
18358	1
18359	0
18360	0
18361	1
18362	0
18363	89
18364	0
18365	0
