72918	0
72919	0
72920	41
72921	0
72922	190
72923	22
72924	0
72925	1
72926	177
72927	230
72928	40
72929	0
72930	111
72931	77
72932	0
72933	10
72934	1
72935	0
72936	0
72937	14
72938	4
72939	43
72940	1
72941	0
72942	95
72943	29
72944	80
72945	0
72946	0
72947	32
72948	0
72949	0
72950	140
72951	331
72952	0
72953	10
72954	211
72955	4
72956	5
72957	11
72958	194
72959	50
72960	0
72961	10
72962	136
72963	19
72964	309
72965	12
72966	4
72967	0
72968	0
72969	0
72970	10
72971	4
72972	1
72973	219
72974	25
72975	1
72976	0
72977	1
72978	20
72979	1
72980	263
72981	10
72982	57
72983	113
72984	1
72985	98
72986	0
72987	0
72988	0
72989	115
72990	374
72991	0
72992	4
72993	0
72994	0
72995	1
72996	20
72997	184
72998	0
72999	121
73000	0
73001	90
73002	0
73003	0
73004	206
73005	14
73006	23
73007	0
73008	11
73009	45
73010	5
73011	0
73012	0
73013	5
73014	7
73015	11
73016	2
73017	4
73018	35
73019	8
73020	0
73021	3
73022	13
73023	4
73024	13
73025	7
73026	0
73027	1
73028	11
73029	0
73030	10
73031	0
73032	2
73033	1
73034	7
73035	3
73036	4
73037	0
73038	110
73039	22
73040	80
73041	22
73042	43
73043	0
73044	26
73045	2
73046	4
73047	2
73048	0
73049	57
73050	10
73051	0
73052	18
73053	1
73054	22
73055	10
73056	10
73057	72
73058	103
73059	0
73060	0
73061	1
73062	5
73063	0
73064	0
73065	0
73066	0
73067	0
73068	0
73069	11
73070	0
73071	1
73072	125
73073	0
73074	104
73075	35
73076	16
73077	10
73078	3
73079	0
73080	12
73081	77
73082	30
73083	0
73084	35
73085	351
73086	0
73087	0
73088	1
73089	1
73090	12
73091	2
73092	22
73093	0
73094	441
73095	0
73096	80
73097	6
73098	0
73099	13
73100	5
73101	264
73102	1
73103	1
73104	15
73105	1
73106	0
73107	0
73108	3
73109	79
73110	144
73111	359
73112	177
73113	28
73114	214
73115	128
73116	90
73117	30
73118	100
73119	56
73120	0
73121	30
73122	10
73123	4
73124	0
73125	0
73126	7
73127	0
73128	36
73129	176
73130	74
73131	0
73132	11
73133	239
73134	24
73135	0
73136	0
73137	0
73138	1
73139	50
73140	50
73141	12
73142	1
73143	0
73144	5
73145	4
73146	0
73147	0
73148	56
73149	0
73150	4
73151	0
73152	2
73153	38
73154	0
73155	1
73156	0
73157	137
73158	5
73159	192
73160	0
73161	7
73162	0
73163	76
73164	36
73165	4
73166	24
73167	132
73168	180
73169	0
73170	0
73171	350
73172	49
73173	304
73174	208
73175	0
73176	0
73177	231
73178	15
73179	0
73180	1
73181	0
73182	120
73183	149
73184	46
73185	49
73186	0
73187	10
73188	137
73189	0
73190	16
73191	0
73192	366
73193	7
73194	7
73195	151
73196	0
73197	0
73198	0
73199	112
73200	0
73201	66
73202	0
73203	91
73204	0
73205	67
73206	0
73207	154
73208	0
73209	0
73210	4
73211	10
73212	38
73213	122
73214	41
73215	0
73216	10
73217	155
73218	22
73219	35
73220	4
73221	12
73222	0
73223	0
73224	0
73225	0
73226	23
73227	40
73228	0
73229	0
73230	0
73231	0
73232	20
73233	1
73234	40
73235	98
73236	24
73237	40
73238	0
73239	7
73240	10
73241	1
73242	0
73243	0
73244	9
73245	4
73246	60
73247	35
73248	0
73249	32
73250	184
73251	27
73252	0
73253	11
73254	0
73255	0
73256	28
73257	0
73258	35
73259	0
73260	0
73261	104
73262	138
73263	0
73264	10
73265	77
73266	14
73267	19
73268	52
73269	7
73270	0
73271	127
73272	77
73273	376
73274	36
73275	88
73276	1
73277	1
73278	20
73279	101
73280	374
73281	6
73282	45
73283	0
73284	0
73285	80
73286	0
73287	0
73288	0
73289	5
73290	0
73291	30
73292	236
73293	85
73294	0
73295	0
73296	4
73297	0
73298	94
73299	120
73300	90
73301	8
73302	1
73303	81
73304	54
73305	0
73306	14
73307	20
73308	188
73309	5
73310	74
73311	0
73312	22
73313	230
73314	2
73315	1
73316	1
73317	20
73318	144
73319	222
73320	148
73321	104
73322	124
73323	37
73324	0
73325	63
73326	3
73327	64
73328	35
73329	20
73330	46
73331	21
73332	0
73333	0
73334	91
73335	0
73336	0
73337	368
73338	2
73339	49
73340	19
73341	8
73342	52
73343	20
73344	5
73345	1
73346	40
73347	30
73348	279
73349	53
73350	91
73351	35
73352	21
73353	307
73354	3
73355	0
73356	64
73357	1
73358	0
73359	53
73360	11
73361	0
73362	28
73363	152
73364	164
73365	61
73366	4
73367	129
73368	1
73369	0
73370	301
73371	24
73372	246
73373	0
73374	11
73375	302
73376	0
73377	0
73378	6
73379	5
73380	0
73381	36
73382	25
73383	45
73384	6
73385	16
73386	0
73387	0
73388	100
73389	155
73390	0
73391	39
73392	0
73393	192
73394	216
73395	120
73396	37
73397	1
73398	73
73399	10
73400	1
73401	31
73402	27
73403	1
73404	0
73405	74
73406	0
73407	4
73408	65
73409	0
73410	154
73411	68
73412	5
73413	5
73414	16
73415	43
73416	35
73417	163
73418	30
73419	0
73420	1
73421	67
73422	245
73423	174
73424	0
73425	296
73426	118
73427	0
73428	24
73429	0
73430	180
73431	0
73432	222
73433	0
73434	0
73435	0
73436	77
73437	0
73438	93
73439	0
73440	0
73441	69
73442	145
73443	208
73444	0
73445	35
73446	1
73447	0
73448	12
73449	0
73450	0
73451	187
73452	40
73453	22
73454	10
73455	10
73456	143
73457	30
73458	5
73459	7
73460	143
73461	0
73462	2
73463	220
73464	169
73465	153
73466	82
73467	345
73468	1
73469	2
73470	185
73471	0
73472	13
73473	1
73474	4
73475	0
73476	180
73477	72
73478	18
73479	0
73480	1
73481	0
73482	0
73483	0
73484	237
73485	35
73486	98
73487	0
73488	24
73489	126
73490	0
73491	10
73492	0
73493	8
73494	52
73495	12
73496	0
73497	141
73498	0
73499	110
73500	231
73501	53
73502	101
73503	147
73504	80
73505	0
73506	7
73507	1
73508	0
73509	1
73510	0
73511	62
73512	0
73513	0
73514	152
73515	0
73516	4
73517	4
73518	0
73519	72
73520	0
73521	16
73522	0
73523	10
73524	0
73525	2
73526	0
73527	92
73528	0
73529	8
73530	0
73531	4
73532	115
73533	104
73534	6
73535	0
73536	22
73537	0
73538	0
73539	1
73540	10
73541	0
73542	0
73543	8
73544	0
73545	20
73546	0
73547	294
73548	236
73549	251
73550	2
73551	5
73552	0
73553	45
73554	0
73555	0
73556	0
73557	0
73558	75
73559	179
73560	0
73561	5
73562	0
73563	0
73564	12
73565	0
73566	108
73567	249
73568	1
73569	52
73570	118
73571	0
73572	4
73573	111
73574	0
73575	104
73576	185
73577	118
73578	227
73579	0
