2788	216
2789	10
2790	26
2791	74
2792	0
2793	260
2794	161
2795	146
2796	131
2797	0
2798	97
2799	22
2800	4
2801	225
2802	0
2803	42
2804	8
2805	134
2806	1
2807	20
2808	35
2809	0
2810	0
2811	120
2812	1
2813	167
2814	2
2815	112
2816	0
2817	80
2818	0
2819	25
2820	0
2821	28
2822	0
2823	44
2824	233
2825	0
2826	439
2827	66
2828	0
2829	1
2830	0
2831	0
2832	37
2833	0
2834	23
2835	0
2836	18
2837	0
2838	2
2839	156
2840	56
2841	269
2842	56
2843	94
2844	0
2845	307
2846	352
2847	275
2848	218
2849	0
2850	65
2851	0
2852	105
2853	0
2854	0
2855	23
2856	52
2857	8
2858	0
2859	3
2860	23
2861	0
2862	0
2863	203
2864	31
2865	60
2866	6
2867	1
2868	4
2869	1
2870	187
2871	51
2872	0
2873	0
2874	15
2875	36
2876	66
2877	58
2878	0
2879	4
2880	19
2881	0
2882	0
2883	143
2884	145
2885	0
2886	30
2887	2
2888	0
2889	0
2890	271
2891	156
2892	151
2893	4
2894	326
2895	326
2896	0
2897	1
2898	3
2899	240
2900	20
2901	46
2902	15
2903	45
2904	8
2905	104
2906	12
2907	37
2908	2
2909	72
2910	172
2911	30
2912	30
2913	33
2914	4
2915	4
2916	0
2917	150
2918	0
2919	0
2920	135
2921	39
2922	13
2923	106
2924	3
2925	88
2926	158
2927	130
2928	104
2929	310
2930	1
2931	1
2932	4
2933	0
2934	23
2935	92
2936	8
2937	12
2938	81
2939	50
2940	49
2941	1
2942	245
2943	185
2944	49
2945	35
2946	0
2947	0
2948	2
2949	79
2950	0
2951	256
2952	0
2953	0
2954	0
2955	4
2956	332
2957	510
2958	273
2959	0
2960	298
2961	131
2962	271
2963	374
2964	74
2965	13
2966	8
2967	199
2968	225
2969	390
2970	0
2971	4
2972	0
2973	1
2974	1
2975	194
2976	85
2977	10
2978	0
2979	10
2980	0
2981	14
2982	0
2983	0
2984	0
2985	16
2986	0
2987	43
2988	44
2989	0
2990	0
2991	0
2992	137
2993	109
2994	139
2995	24
2996	20
2997	0
2998	0
2999	2
3000	151
3001	0
3002	0
3003	20
3004	150
3005	387
3006	0
3007	176
3008	43
3009	10
3010	1
3011	10
3012	0
3013	49
3014	0
3015	23
3016	0
3017	129
3018	165
3019	129
3020	227
3021	0
3022	0
3023	0
3024	0
3025	1
3026	67
3027	46
3028	67
3029	0
3030	0
3031	12
3032	1
3033	0
3034	20
3035	77
3036	186
3037	15
3038	20
3039	20
3040	52
3041	10
3042	10
3043	78
3044	31
3045	1
3046	2
3047	0
3048	0
3049	0
3050	0
3051	3
3052	0
3053	186
3054	280
3055	11
3056	0
3057	24
3058	32
3059	0
3060	1
3061	93
3062	41
3063	77
3064	98
3065	150
3066	0
3067	0
3068	162
3069	202
3070	6
3071	1
3072	29
3073	75
3074	30
3075	1
3076	0
3077	22
3078	6
3079	0
3080	2
3081	56
3082	0
3083	0
3084	0
3085	176
3086	86
3087	0
3088	35
3089	12
3090	0
3091	186
3092	126
3093	0
3094	231
3095	173
3096	215
3097	73
3098	1
3099	20
3100	90
3101	0
3102	45
3103	94
3104	0
3105	186
3106	2
3107	4
3108	16
3109	11
3110	245
3111	292
3112	0
3113	135
3114	0
3115	0
3116	8
3117	12
3118	39
3119	21
3120	0
3121	0
3122	1
3123	97
3124	108
3125	24
3126	10
3127	4
3128	10
3129	76
3130	0
3131	0
3132	0
3133	67
3134	20
3135	1
3136	115
3137	7
3138	235
3139	0
3140	128
3141	10
3142	0
3143	0
3144	66
3145	1
3146	22
3147	1
3148	0
3149	115
3150	0
3151	164
3152	91
3153	56
3154	162
3155	4
3156	4
3157	203
3158	1
3159	19
3160	35
3161	124
3162	0
3163	10
3164	1
3165	1
3166	16
3167	0
3168	0
3169	1
3170	38
3171	33
3172	16
3173	36
3174	24
3175	293
3176	12
3177	81
3178	78
3179	57
3180	0
3181	127
3182	1
3183	37
3184	0
3185	17
3186	251
3187	1
3188	231
3189	193
3190	28
3191	0
3192	0
3193	34
3194	234
3195	21
3196	214
3197	303
3198	236
3199	104
3200	269
3201	288
3202	50
3203	0
3204	56
3205	2
3206	0
3207	103
3208	59
3209	0
3210	2
3211	108
3212	7
3213	4
3214	125
3215	20
3216	361
3217	246
3218	91
3219	340
3220	1
3221	10
3222	0
3223	49
3224	0
3225	64
3226	241
3227	206
3228	166
3229	0
3230	0
3231	0
3232	119
3233	98
3234	20
3235	10
3236	38
3237	258
3238	10
3239	20
3240	74
3241	32
3242	426
3243	166
3244	81
3245	0
3246	38
3247	0
3248	189
3249	28
3250	152
3251	4
3252	0
3253	326
3254	0
3255	0
3256	185
3257	10
3258	67
3259	0
3260	0
3261	6
3262	108
3263	82
3264	16
3265	1
3266	1
3267	0
3268	2
3269	0
3270	336
3271	0
3272	0
3273	28
3274	15
3275	20
3276	50
3277	50
3278	102
3279	121
3280	47
3281	0
3282	69
3283	52
3284	5
3285	0
3286	22
3287	20
3288	0
3289	10
3290	0
3291	7
3292	0
3293	35
3294	64
3295	17
3296	0
3297	20
3298	9
3299	0
3300	83
3301	218
3302	23
3303	62
3304	173
3305	65
3306	0
3307	0
3308	63
3309	310
3310	336
3311	0
3312	299
3313	301
3314	0
3315	30
3316	48
3317	0
3318	363
3319	0
3320	1
3321	1
3322	10
3323	56
3324	43
3325	0
3326	14
3327	1
3328	0
3329	0
3330	10
3331	58
3332	10
3333	0
3334	30
3335	35
3336	19
3337	0
3338	0
3339	38
3340	0
3341	50
3342	301
3343	30
3344	10
3345	35
3346	0
3347	10
3348	205
3349	40
3350	31
3351	25
3352	101
3353	3
3354	345
3355	10
3356	0
3357	26
3358	0
3359	28
3360	10
3361	58
3362	86
3363	5
3364	98
3365	0
3366	155
3367	96
3368	0
3369	20
3370	67
3371	0
3372	57
3373	0
3374	32
3375	20
3376	1
3377	220
3378	0
3379	81
3380	212
3381	0
3382	56
3383	10
3384	0
3385	0
3386	122
3387	4
3388	0
3389	15
3390	81
3391	0
3392	109
3393	2
3394	104
3395	0
3396	0
3397	104
3398	50
3399	53
3400	40
3401	51
3402	10
3403	3
3404	4
3405	40
3406	156
3407	76
3408	0
3409	0
3410	24
3411	35
3412	7
3413	2
3414	89
3415	0
3416	1
3417	245
3418	1
3419	3
3420	35
3421	56
3422	1
3423	3
3424	9
3425	0
3426	20
3427	15
3428	76
3429	36
3430	10
3431	4
3432	108
3433	202
3434	28
3435	20
3436	0
3437	0
3438	21
3439	22
3440	50
3441	124
3442	0
3443	0
3444	135
3445	168
3446	199
3447	150
3448	192
3449	14
3450	1
3451	35
3452	89
3453	119
3454	10
3455	0
3456	1
3457	20
3458	20
3459	10
3460	1
3461	10
3462	0
3463	122
3464	38
3465	97
3466	26
3467	16
3468	157
3469	14
3470	0
3471	1
3472	164
3473	211
3474	52
3475	10
3476	252
3477	3
3478	0
3479	89
3480	0
3481	0
3482	104
3483	64
3484	142
3485	30
3486	130
3487	20
3488	59
3489	63
3490	84
3491	16
3492	1
3493	0
3494	40
3495	62
3496	9
3497	2
3498	168
3499	180
3500	50
3501	0
3502	12
3503	4
3504	0
3505	52
3506	30
3507	192
3508	0
3509	0
3510	0
3511	0
3512	0
3513	108
3514	65
3515	27
3516	14
3517	77
3518	93
3519	140
3520	0
3521	0
3522	10
3523	215
3524	11
3525	31
3526	0
3527	183
3528	58
3529	23
3530	76
3531	4
3532	147
