1057
345
345
475
235
330
745
186
504
346
814
1146
317
254
104
186
107
125
452
75
346
298
563
830
155
156
84
107
48
25
302
80
187
115
259
371
879
572
250
511
169
370
1492
191
1098
759
1480
2174
364
79
127
133
46
117
303
61
186
111
261
471
360
508
213
272
54
80
724
93
427
248
490
949
422
351
180
213
128
98
536
110
328
276
856
1028
1028
389
218
293
159
220
754
130
592
272
661
1111
831
526
218
370
183
253
827
117
613
409
1039
1231
784
471
244
296
113
260
761
108
494
272
699
1289
347
94
103
169
51
109
581
91
297
296
525
901
2220
524
509
979
397
328
2281
512
1684
1263
1421
3249
610
313
289
219
138
81
750
129
662
568
940
1790
112
28
39
60
16
16
303
50
195
134
381
461
1068
385
268
372
104
303
725
130
489
235
542
717
68
49
35
18
11
11
69
7
39
20
36
102
911
830
457
473
124
276
1506
193
590
506
743
1646
987
606
371
483
207
281
751
180
607
446
1073
1404
42
14
10
9
2
5
49
6
37
15
25
65
179
144
68
88
44
52
235
46
127
81
130
238
