50169	0
50170	0
50171	0
50172	1
50173	2
50174	4
50175	0
50176	0
50177	0
50178	0
50179	0
50180	7
50181	1
50182	0
50183	0
50184	2
50185	0
50186	0
50187	2
50188	0
50189	0
50190	0
50191	6
50192	0
50193	0
50194	0
50195	0
50196	0
50197	0
50198	0
50199	1
50200	0
50201	0
50202	0
50203	0
50204	0
50205	0
50206	0
50207	0
50208	0
50209	0
50210	0
50211	0
50212	0
50213	0
50214	0
50215	0
50216	0
50217	2
50218	0
50219	0
50220	2
50221	0
50222	0
50223	0
50224	0
50225	0
50226	0
50227	0
50228	0
50229	0
50230	0
50231	0
50232	0
50233	0
50234	0
50235	1
50236	0
50237	0
50238	0
50239	0
50240	0
50241	0
50242	2
50243	31
50244	0
50245	0
50246	3
50247	1
50248	0
50249	0
50250	0
50251	1
50252	0
50253	0
50254	0
50255	0
50256	0
50257	0
50258	0
50259	1
50260	0
50261	0
50262	0
50263	0
50264	0
50265	0
50266	0
50267	0
50268	0
50269	0
50270	2
50271	0
50272	0
50273	0
50274	2
50275	0
50276	0
50277	0
50278	0
50279	11
50280	0
50281	0
50282	0
50283	0
50284	0
50285	0
50286	0
50287	0
50288	0
50289	0
50290	0
50291	0
50292	3
50293	0
50294	0
50295	0
50296	0
50297	0
50298	0
50299	0
50300	0
50301	0
50302	0
50303	1
50304	0
50305	0
50306	0
50307	0
50308	0
50309	0
50310	0
50311	0
50312	0
50313	0
50314	0
50315	0
50316	0
50317	0
50318	0
50319	0
50320	0
50321	0
50322	0
50323	0
50324	0
50325	0
50326	0
50327	0
50328	0
50329	0
50330	0
50331	0
50332	0
50333	1
50334	0
50335	0
50336	0
50337	0
50338	0
50339	0
50340	0
50341	0
50342	0
50343	0
50344	0
50345	0
50346	0
50347	0
50348	0
50349	0
50350	0
50351	0
50352	0
50353	0
50354	0
50355	0
50356	0
50357	0
50358	6
50359	0
50360	0
50361	0
50362	0
50363	0
50364	0
50365	0
50366	0
50367	0
50368	0
50369	0
50370	0
50371	0
50372	0
50373	0
50374	0
50375	0
50376	0
50377	0
50378	0
50379	0
50380	0
50381	0
50382	0
50383	0
50384	0
50385	0
50386	17
50387	0
50388	0
50389	0
50390	0
50391	0
50392	0
50393	0
50394	0
50395	0
50396	0
50397	0
50398	0
50399	0
50400	0
50401	0
50402	0
50403	0
50404	4
50405	0
50406	0
50407	10
50408	0
50409	2
50410	18
50411	0
50412	0
50413	2
50414	0
50415	0
50416	0
50417	9
50418	0
50419	1
50420	0
50421	0
50422	0
50423	0
50424	0
50425	0
50426	0
50427	0
50428	0
50429	0
50430	0
50431	0
50432	0
50433	0
50434	0
50435	0
50436	0
50437	0
50438	10
50439	44
50440	0
50441	0
50442	0
50443	0
50444	0
50445	0
50446	0
50447	0
50448	0
50449	32
50450	0
50451	0
50452	0
50453	0
50454	0
50455	0
50456	0
50457	0
50458	0
50459	0
50460	0
50461	0
50462	0
50463	0
50464	0
50465	0
50466	3
50467	3
50468	0
50469	0
50470	0
50471	0
50472	0
50473	0
50474	0
50475	0
50476	0
50477	0
50478	0
50479	0
50480	0
50481	0
50482	0
50483	0
50484	0
50485	0
50486	0
50487	0
50488	0
50489	6
50490	0
50491	0
50492	0
50493	0
50494	0
50495	0
50496	0
50497	0
50498	0
50499	0
50500	0
50501	7
50502	0
50503	0
50504	0
50505	0
50506	2
50507	0
50508	0
50509	0
50510	0
50511	0
50512	0
50513	0
50514	0
50515	0
50516	0
50517	0
50518	0
50519	0
50520	0
50521	0
50522	0
50523	0
50524	0
50525	0
50526	0
50527	0
50528	0
50529	3
50530	0
50531	0
50532	0
50533	0
50534	0
50535	1
50536	0
50537	0
50538	0
50539	0
50540	0
50541	0
50542	0
50543	0
50544	0
50545	0
50546	0
50547	0
50548	0
50549	0
50550	0
50551	4
50552	0
50553	0
50554	0
50555	0
50556	0
50557	4
50558	0
50559	0
50560	4
50561	0
50562	0
50563	0
50564	0
50565	0
50566	0
50567	58
50568	0
50569	0
50570	0
50571	0
50572	0
50573	0
50574	0
50575	0
50576	0
50577	1
50578	0
50579	0
50580	0
50581	0
50582	0
50583	0
50584	0
50585	0
50586	0
50587	0
50588	0
50589	0
50590	0
50591	0
50592	10
50593	18
50594	0
50595	0
50596	0
50597	0
50598	0
50599	2
50600	0
50601	0
50602	0
50603	0
50604	0
50605	0
50606	0
50607	0
50608	0
50609	0
50610	0
50611	0
50612	0
50613	0
50614	0
50615	0
50616	0
50617	0
50618	0
50619	0
50620	0
50621	3
50622	0
50623	0
50624	0
50625	0
50626	0
50627	0
50628	2
50629	0
50630	0
50631	0
50632	0
50633	13
50634	0
50635	2
50636	0
50637	5
50638	0
50639	0
50640	0
50641	0
50642	0
50643	0
50644	0
50645	0
50646	0
50647	0
50648	0
50649	0
50650	0
50651	0
50652	1
50653	0
50654	0
50655	0
50656	0
50657	0
50658	0
50659	0
50660	0
50661	0
50662	0
50663	0
50664	0
50665	0
50666	0
50667	0
50668	0
50669	0
50670	2
50671	0
50672	0
50673	0
50674	0
50675	0
50676	0
50677	0
50678	0
50679	29
50680	0
50681	0
50682	0
50683	0
50684	0
50685	0
50686	0
50687	10
50688	0
50689	0
50690	0
50691	0
50692	0
50693	0
50694	0
50695	0
50696	0
50697	0
50698	0
50699	0
50700	0
50701	1
50702	0
50703	0
50704	0
50705	0
50706	0
50707	0
50708	0
50709	0
50710	0
50711	0
50712	0
50713	0
50714	0
50715	0
50716	0
50717	0
50718	0
50719	0
50720	0
50721	0
50722	0
50723	0
50724	0
50725	0
50726	0
50727	0
50728	0
50729	0
50730	0
50731	0
50732	0
50733	1
50734	0
50735	0
50736	0
50737	0
50738	1
50739	0
50740	0
50741	0
50742	0
50743	0
50744	0
50745	0
50746	0
50747	0
50748	0
50749	0
50750	0
50751	0
50752	0
50753	0
50754	0
50755	0
50756	0
50757	0
50758	0
50759	0
50760	0
50761	0
50762	0
50763	0
50764	0
50765	0
50766	0
50767	0
50768	0
50769	0
50770	0
50771	0
50772	0
50773	0
50774	0
50775	0
50776	0
50777	0
50778	0
50779	0
50780	0
50781	1
50782	0
50783	6
50784	6
50785	0
50786	2
50787	0
50788	0
50789	0
50790	0
50791	0
50792	0
50793	0
50794	0
50795	0
50796	7
50797	0
50798	0
50799	0
50800	0
50801	0
50802	0
50803	0
50804	0
50805	0
50806	2
50807	0
50808	0
50809	0
50810	0
50811	0
50812	0
50813	17
50814	2
50815	15
50816	1
50817	0
50818	0
50819	0
50820	0
50821	0
50822	0
50823	0
50824	0
50825	0
50826	0
50827	1
50828	0
50829	3
50830	1
50831	2
50832	0
50833	0
50834	0
50835	0
50836	0
50837	0
50838	0
50839	0
50840	0
50841	0
50842	1
50843	3
50844	0
50845	0
50846	0
50847	0
50848	0
50849	0
50850	0
50851	0
50852	0
50853	0
50854	0
50855	0
50856	0
50857	0
50858	0
50859	0
50860	0
50861	0
50862	0
50863	0
50864	0
50865	0
50866	0
50867	0
50868	0
50869	0
50870	0
50871	0
50872	0
50873	0
50874	0
50875	0
50876	0
50877	0
50878	0
50879	0
50880	0
50881	0
50882	0
50883	0
50884	0
50885	0
50886	0
50887	0
50888	0
50889	0
50890	0
50891	3
50892	0
50893	0
50894	0
50895	0
50896	0
50897	0
50898	0
50899	0
50900	0
50901	4
50902	0
50903	0
50904	0
50905	0
50906	1
50907	0
50908	4
50909	0
50910	0
50911	2
50912	0
50913	0
50914	0
50915	0
50916	0
50917	0
50918	0
50919	4
50920	0
50921	0
50922	0
50923	0
50924	0
50925	0
50926	0
50927	0
50928	0
50929	0
50930	0
50931	0
50932	0
50933	0
50934	0
50935	0
50936	0
50937	0
50938	0
50939	0
50940	0
50941	0
50942	0
50943	0
50944	0
50945	0
50946	1
50947	2
50948	0
50949	0
50950	0
50951	0
50952	2
50953	0
50954	0
50955	5
50956	0
50957	0
50958	0
50959	0
50960	0
50961	0
50962	2
50963	3
50964	0
50965	0
50966	0
50967	0
50968	0
50969	0
50970	0
50971	0
50972	0
50973	0
50974	0
50975	0
50976	3
50977	0
50978	0
50979	0
50980	0
50981	0
50982	1
50983	0
50984	0
50985	0
50986	0
50987	0
50988	0
50989	10
50990	2
50991	0
50992	0
50993	0
50994	0
50995	0
50996	0
50997	0
50998	0
50999	0
51000	0
51001	0
51002	0
51003	0
51004	0
51005	0
51006	0
51007	0
51008	0
51009	0
51010	0
51011	0
51012	0
51013	0
51014	0
51015	0
51016	0
51017	0
51018	0
51019	0
51020	0
51021	0
51022	0
51023	0
51024	0
51025	1
51026	0
51027	0
51028	0
51029	6
51030	0
51031	0
51032	0
51033	0
51034	0
51035	0
51036	0
51037	0
51038	0
51039	0
51040	0
51041	0
51042	0
51043	0
51044	0
51045	0
51046	0
51047	0
51048	0
51049	0
51050	0
51051	0
51052	0
51053	0
51054	0
51055	0
51056	17
51057	0
51058	0
51059	0
51060	0
51061	0
51062	0
51063	0
51064	4
51065	0
51066	0
51067	0
51068	0
51069	0
51070	0
51071	0
51072	0
51073	0
51074	1
51075	0
51076	0
51077	0
51078	0
51079	0
51080	0
51081	0
51082	0
51083	0
51084	0
51085	0
51086	0
51087	0
51088	0
51089	0
51090	0
51091	0
51092	0
51093	0
51094	0
51095	0
51096	0
51097	0
51098	0
51099	0
51100	0
51101	0
51102	0
51103	0
51104	0
51105	0
51106	0
51107	0
51108	0
51109	0
51110	0
51111	1
51112	1
51113	3
51114	67
51115	0
51116	0
51117	0
51118	0
51119	0
51120	0
51121	0
51122	0
51123	0
51124	0
51125	0
51126	0
51127	0
51128	0
51129	0
51130	0
51131	0
51132	0
51133	0
51134	0
51135	0
51136	0
51137	0
51138	0
51139	0
51140	0
51141	0
51142	0
51143	0
51144	0
51145	0
51146	0
51147	0
51148	0
51149	2
51150	0
51151	0
51152	0
51153	0
51154	0
51155	0
51156	0
51157	0
51158	0
51159	0
51160	0
51161	0
51162	0
51163	0
51164	0
51165	0
51166	2
51167	0
51168	0
51169	0
51170	0
51171	4
51172	0
51173	0
51174	0
51175	0
51176	0
51177	0
51178	0
51179	0
51180	0
51181	0
51182	0
51183	0
51184	0
51185	0
51186	2
51187	0
51188	2
51189	0
51190	0
51191	0
51192	0
51193	0
51194	0
51195	0
51196	0
51197	0
51198	0
51199	0
51200	0
51201	0
51202	0
51203	2
51204	0
51205	0
51206	0
51207	2
51208	0
51209	0
51210	0
51211	0
51212	0
51213	0
51214	0
51215	0
51216	0
51217	0
51218	5
51219	1
51220	0
51221	1
51222	0
51223	0
51224	1
51225	0
51226	0
51227	0
51228	0
51229	0
51230	14
51231	0
51232	0
51233	0
51234	0
51235	0
51236	0
51237	0
51238	0
51239	0
51240	0
51241	0
51242	0
51243	0
51244	1
51245	0
51246	0
51247	0
51248	28
51249	0
51250	0
51251	0
51252	0
51253	0
51254	0
51255	0
51256	0
51257	0
51258	0
51259	0
51260	0
51261	0
51262	0
51263	0
51264	0
51265	0
51266	0
51267	0
51268	0
51269	0
51270	0
51271	3
51272	0
51273	0
51274	0
51275	0
51276	0
51277	1
51278	0
51279	0
51280	0
51281	0
51282	0
51283	0
51284	0
51285	0
51286	0
51287	0
51288	0
51289	0
51290	0
51291	0
51292	0
51293	0
51294	0
51295	0
51296	0
51297	0
51298	0
51299	0
51300	0
51301	0
51302	0
51303	0
51304	0
51305	0
51306	0
51307	0
51308	0
51309	0
51310	0
51311	0
51312	3
51313	0
51314	0
51315	0
51316	0
51317	0
51318	0
51319	0
51320	2
51321	0
51322	0
51323	0
51324	0
51325	0
51326	0
51327	0
51328	0
51329	0
51330	0
51331	0
51332	0
51333	0
51334	0
51335	0
51336	0
51337	4
51338	0
51339	0
51340	0
51341	0
51342	0
51343	0
51344	0
51345	0
51346	0
51347	0
51348	0
51349	0
51350	0
51351	0
51352	0
51353	0
51354	0
51355	0
51356	0
51357	0
51358	0
51359	0
51360	0
51361	0
51362	0
51363	24
51364	10
51365	0
51366	0
51367	0
51368	0
51369	0
51370	0
51371	0
51372	3
51373	0
51374	6
51375	0
51376	0
51377	0
51378	0
51379	0
51380	0
51381	0
51382	0
51383	0
51384	0
51385	0
51386	0
51387	0
51388	0
51389	1
51390	0
51391	0
51392	0
51393	0
51394	0
51395	0
51396	0
51397	0
51398	0
51399	0
51400	0
51401	0
51402	0
51403	0
51404	0
51405	0
51406	0
51407	0
51408	0
51409	0
51410	0
51411	3
51412	0
51413	0
51414	0
51415	0
51416	0
51417	2
51418	0
51419	0
51420	0
51421	0
51422	0
51423	0
51424	0
51425	0
51426	0
51427	0
51428	0
51429	0
51430	0
51431	0
51432	0
51433	0
51434	0
51435	0
51436	0
51437	4
51438	0
51439	0
51440	3
51441	0
51442	0
51443	0
51444	0
51445	0
51446	0
51447	0
51448	0
51449	0
51450	0
51451	0
51452	0
51453	0
51454	0
51455	0
51456	0
51457	0
