45667	0
45668	0
45669	0
45670	0
45671	0
45672	2
45673	2
45674	0
45675	0
45676	0
45677	4
45678	1
45679	0
45680	0
45681	9
45682	6
45683	0
45684	0
45685	0
45686	0
45687	0
45688	0
45689	0
45690	0
45691	0
45692	0
45693	0
45694	0
45695	0
45696	0
45697	0
45698	0
45699	0
45700	0
45701	0
45702	0
45703	1
45704	0
45705	0
45706	0
45707	0
45708	0
45709	0
45710	0
45711	2
45712	10
45713	19
45714	0
45715	0
45716	2
45717	0
45718	0
45719	0
45720	0
45721	0
45722	0
45723	0
45724	6
45725	0
45726	0
45727	0
45728	0
45729	0
45730	0
45731	0
45732	2
45733	0
45734	15
45735	1
45736	0
45737	0
45738	0
45739	0
45740	0
45741	0
45742	0
45743	0
45744	0
45745	0
45746	0
45747	0
45748	0
45749	0
45750	2
45751	0
45752	2
45753	0
45754	2
45755	0
45756	2
45757	0
45758	0
45759	0
45760	0
45761	0
45762	0
45763	0
45764	0
45765	0
45766	2
45767	0
45768	0
45769	0
45770	0
45771	0
45772	1
45773	0
45774	2
45775	0
45776	0
45777	0
45778	0
45779	0
45780	1
45781	0
45782	1
45783	0
45784	0
45785	0
45786	2
45787	0
45788	0
45789	0
45790	0
45791	0
45792	0
45793	0
45794	1
45795	0
45796	0
45797	0
45798	0
45799	0
45800	2
45801	0
45802	2
45803	0
45804	2
45805	0
45806	0
45807	0
45808	0
45809	0
45810	0
45811	0
45812	0
45813	0
45814	0
45815	3
45816	0
45817	0
45818	0
45819	0
45820	0
45821	0
45822	0
45823	0
45824	6
45825	0
45826	0
45827	0
45828	0
45829	6
45830	0
45831	0
45832	2
45833	0
45834	0
45835	0
45836	0
45837	0
45838	0
45839	0
45840	0
45841	0
45842	0
45843	0
45844	0
45845	0
45846	0
45847	0
45848	0
45849	4
45850	0
45851	0
45852	0
45853	1
45854	0
45855	0
45856	3
45857	0
45858	0
45859	8
45860	1
45861	0
45862	0
45863	2
45864	0
45865	0
45866	0
45867	0
45868	3
45869	0
45870	18
45871	0
45872	0
45873	0
45874	0
45875	2
45876	0
45877	0
45878	0
45879	0
45880	0
45881	0
45882	1
45883	0
45884	0
45885	0
45886	0
45887	0
45888	3
45889	0
45890	0
45891	0
45892	0
45893	7
45894	0
45895	0
45896	0
45897	0
45898	0
45899	0
45900	0
45901	0
45902	0
45903	2
45904	0
45905	0
45906	2
45907	0
45908	0
45909	0
45910	0
45911	0
45912	0
45913	0
45914	0
45915	0
45916	0
45917	0
45918	0
45919	0
45920	0
45921	0
45922	1
45923	0
45924	0
45925	0
45926	0
45927	2
45928	0
45929	0
45930	0
45931	0
45932	0
45933	0
45934	0
45935	0
45936	0
45937	0
45938	0
45939	0
45940	0
45941	6
45942	2
45943	4
45944	31
45945	0
45946	0
45947	0
45948	0
45949	0
45950	0
45951	0
45952	0
45953	1
45954	0
45955	0
45956	0
45957	0
45958	0
45959	0
45960	0
45961	0
45962	0
45963	0
45964	0
45965	0
45966	0
45967	0
45968	0
45969	0
45970	0
45971	0
45972	0
45973	2
45974	0
45975	0
45976	0
45977	8
45978	0
45979	0
45980	0
45981	0
45982	79
45983	0
45984	0
45985	0
45986	0
45987	0
45988	0
45989	0
45990	0
45991	0
45992	0
45993	0
45994	0
45995	0
45996	0
45997	0
45998	0
45999	0
46000	0
46001	0
46002	0
46003	0
46004	0
46005	0
46006	0
46007	0
46008	0
46009	0
46010	0
46011	0
46012	0
46013	0
46014	0
46015	0
46016	0
46017	0
46018	0
46019	0
46020	1
46021	0
46022	0
46023	0
46024	0
46025	0
46026	0
46027	0
46028	1
46029	0
46030	0
46031	0
46032	0
46033	1
46034	0
46035	0
46036	0
46037	0
46038	0
46039	0
46040	0
46041	0
46042	0
46043	0
46044	0
46045	0
46046	0
46047	0
46048	0
46049	0
46050	0
46051	0
46052	0
46053	0
46054	0
46055	0
46056	0
46057	0
46058	1
46059	0
46060	0
46061	0
46062	0
46063	0
46064	0
46065	0
46066	0
46067	0
46068	0
46069	0
46070	0
46071	0
46072	2
46073	4
46074	0
46075	0
46076	0
46077	0
46078	0
46079	0
46080	0
46081	1
46082	0
46083	4
46084	0
46085	1
46086	0
46087	0
46088	17
46089	0
46090	0
46091	0
46092	0
46093	2
46094	0
46095	0
46096	0
46097	0
46098	0
46099	1
46100	0
46101	0
46102	0
46103	0
46104	3
46105	0
46106	1
46107	0
46108	0
46109	0
46110	0
46111	3
46112	0
46113	0
46114	0
46115	0
46116	0
46117	0
46118	0
46119	0
46120	2
46121	0
46122	0
46123	0
46124	0
46125	0
46126	2
46127	2
46128	0
46129	0
46130	0
46131	0
46132	0
46133	6
46134	0
46135	0
46136	0
46137	0
46138	0
46139	0
46140	0
46141	0
46142	0
46143	0
46144	26
46145	0
46146	0
46147	0
46148	0
46149	0
46150	0
46151	0
46152	0
46153	0
46154	1
46155	0
46156	0
46157	0
46158	0
46159	0
46160	0
46161	1
46162	0
46163	0
46164	2
46165	0
46166	0
46167	0
46168	0
46169	7
46170	0
46171	0
46172	0
46173	0
46174	0
46175	0
46176	0
46177	82
46178	0
46179	0
46180	0
46181	0
46182	0
46183	4
46184	0
46185	0
46186	1
46187	0
46188	0
46189	0
46190	0
46191	0
46192	1
46193	0
46194	0
46195	0
46196	0
46197	0
46198	0
46199	0
46200	0
46201	0
46202	0
46203	0
46204	0
46205	0
46206	0
46207	0
46208	0
46209	0
46210	0
46211	0
46212	0
46213	0
46214	0
46215	0
46216	109
46217	0
46218	0
46219	0
46220	0
46221	1
46222	0
46223	2
46224	0
46225	0
46226	0
46227	0
46228	0
46229	0
46230	0
46231	0
46232	0
46233	0
46234	0
46235	0
46236	1
46237	2
46238	0
46239	0
46240	0
46241	0
46242	0
46243	0
46244	3
46245	4
46246	0
46247	10
46248	0
46249	0
46250	0
46251	0
46252	0
46253	0
46254	0
46255	0
46256	0
46257	0
46258	0
46259	0
46260	0
46261	0
46262	0
46263	0
46264	0
46265	0
46266	2
46267	0
46268	2
46269	2
46270	0
46271	0
46272	0
46273	0
46274	0
46275	0
46276	0
46277	0
46278	0
46279	0
46280	0
46281	0
46282	0
46283	0
46284	0
46285	0
46286	0
46287	0
46288	0
46289	0
46290	0
46291	0
46292	0
46293	0
46294	0
46295	0
46296	0
46297	0
46298	0
46299	0
46300	0
46301	0
46302	0
46303	0
46304	0
46305	0
46306	0
46307	0
46308	0
46309	0
46310	0
46311	0
46312	0
46313	0
46314	56
46315	17
46316	0
46317	0
46318	0
46319	4
46320	0
46321	0
46322	0
46323	0
46324	0
46325	0
46326	0
46327	3
46328	0
46329	0
46330	0
46331	1
46332	0
46333	0
46334	0
46335	0
46336	0
46337	0
46338	0
46339	0
46340	0
46341	0
46342	0
46343	0
46344	0
46345	0
46346	4
46347	0
46348	0
46349	2
46350	1
46351	2
46352	0
46353	0
46354	0
46355	0
46356	0
46357	0
46358	0
46359	0
46360	0
46361	0
46362	0
46363	0
46364	4
46365	1
46366	0
46367	0
46368	0
46369	0
46370	0
46371	0
46372	0
46373	1
46374	0
46375	0
46376	0
46377	0
46378	2
46379	2
46380	0
46381	0
46382	0
46383	0
46384	0
46385	0
46386	6
46387	0
46388	0
46389	0
46390	0
46391	0
46392	0
46393	0
46394	0
46395	0
46396	1
46397	4
46398	0
46399	0
46400	0
46401	0
46402	3
46403	0
46404	0
46405	0
46406	0
46407	0
46408	0
46409	0
46410	0
46411	0
46412	0
46413	0
46414	0
46415	0
46416	0
46417	0
46418	0
46419	0
46420	0
46421	0
46422	0
46423	0
46424	0
46425	1
46426	0
46427	22
46428	0
46429	0
46430	0
46431	0
46432	0
46433	0
46434	0
46435	0
46436	0
46437	0
46438	2
46439	0
46440	0
46441	0
46442	0
46443	2
46444	2
46445	0
46446	0
46447	0
46448	0
46449	19
46450	0
